1	9
2	5
3	4
4	1
5	2
6	2
7	2
8	2
9	1
10	2
11	4
12	4
13	2
14	2
15	1
16	5
18	4
19	2
20	1
21	3
22	9
23	3
24	8
25	7
26	6
27	3
28	3
29	3
30	4
31	7
32	2
33	3
34	2
35	1
36	4
38	1
39	1
40	1
41	1
42	1
43	2
44	2
45	1
48	2
49	3
50	2
51	3
52	4
53	4
54	1
55	5
57	1
58	4
59	4
60	1
61	1
64	2
65	1
66	3
67	2
68	1
69	1
70	3
71	2
72	1
73	1
74	3
75	2
77	1
78	2
79	3
81	2
82	1
83	1
84	2
86	2
87	1
88	2
89	1
90	1
93	1
94	1
96	1
97	1
99	1
100	1
101	1
102	1
103	1
104	1
105	1
106	4
108	2
109	1
111	1
112	1
113	1
114	2
115	1
116	3
117	1
121	12
122	3
123	3
124	3
125	3
126	3
127	3
128	14
129	8
130	1
131	3
132	2
133	6
134	6
135	5
137	2
138	2
139	2
140	5
141	4
143	3
145	3
146	2
147	3
148	3
149	11
150	4
151	2
152	2
156	1
157	8
158	1
161	7
162	7
163	4
164	4
166	2
167	2
169	9
170	9
171	9
172	9
174	6
175	6
176	3
177	3
181	1
182	8
186	1
187	1
188	1
189	1
192	2
193	2
194	3
195	2
196	4
197	3
198	4
200	2
201	2
202	2
203	2
204	2
205	2
207	4
208	3
209	4
210	3
211	1
212	2
213	1
214	1
215	3
216	1
217	5
218	1
220	3
222	1
223	1
225	1
226	1
227	1
228	1
230	1
231	1
232	7
234	7
235	7
236	7
237	7
239	6
240	5
241	5
242	5
244	7
245	7
246	7
247	7
248	5
249	7
251	2
252	4
253	1
254	1
255	3
257	1
259	2
260	4
261	6
262	3
263	2
264	3
265	3
266	3
270	3
271	1
272	2
273	5
274	13
275	1
276	6
278	2
279	1
281	3
282	3
283	3
284	2
285	1
286	2
287	2
288	1
289	1
290	3
293	3
294	2
295	1
296	1
297	3
299	2
301	1
302	1
303	1
304	1
305	1
306	3
308	1
310	2
312	9
314	1
315	1
316	2
317	2
318	1
319	2
320	2
322	1
323	1
324	1
325	1
326	1
329	1
330	1
331	1
332	1
333	1
334	1
335	1
336	1
337	1
338	1
339	1
340	1
341	1
342	1
343	1
355	1
356	1
357	1
360	1
362	1
363	1
364	1
365	2
366	1
367	1
368	1
370	2
371	2
372	1
373	2
374	2
376	1
380	1
381	1
382	8
383	2
384	2
385	1
387	1
390	1
392	1
394	1
395	1
399	2
400	1
401	2
402	2
404	2
405	2
406	2
407	2
408	10
410	2
411	7
412	7
413	7
414	6
415	6
416	6
417	6
418	6
419	6
420	6
422	2
423	1
425	2
426	2
430	1
431	3
432	3
434	2
440	1
441	1
442	1
443	1
444	9
445	8
446	5
448	3
449	3
450	1
451	2
452	1
453	1
454	2
455	2
456	2
457	3
458	3
459	1
460	3
461	4
462	3
463	2
466	1
467	1
469	2
471	1
472	1
473	1
474	1
475	1
477	1
480	4
481	2
483	2
484	2
485	1
486	1
487	6
488	2
489	4
491	2
493	3
494	1
496	2
497	1
498	3
499	1
500	3
501	8
502	2
503	1
505	5
506	2
507	5
508	1
509	4
510	2
511	2
512	3
513	2
514	1
515	1
517	5
522	1
523	1
524	2
525	2
526	2
527	2
529	3
531	2
541	1
542	2
543	1
544	2
545	4
546	1
547	1
548	4
549	3
550	1
551	1
552	1
553	1
558	2
559	1
560	2
562	2
565	1
566	1
568	1
569	1
570	1
572	8
575	2
577	2
578	2
579	2
580	2
581	2
582	2
583	2
584	2
587	1
588	4
589	1
591	1
595	1
600	7
601	2
602	2
603	2
604	2
605	4
606	1
608	2
609	2
610	2
611	2
613	2
615	5
616	3
618	3
619	3
620	3
621	1
622	4
623	2
624	1
625	6
626	15
627	4
628	1
629	2
630	2
631	2
632	7
634	1
635	1
637	1
639	1
640	4
641	1
643	2
645	2
647	3
648	2
649	2
650	1
651	3
652	1
654	2
655	2
656	3
657	1
658	3
659	5
660	2
665	4
667	2
668	2
669	1
672	2
673	1
674	2
677	2
678	2
679	1
681	3
682	1
687	2
688	4
689	2
690	1
691	1
692	2
693	6
694	1
695	1
696	1
697	1
698	1
699	10
700	1
702	1
703	1
704	1
705	1
706	2
709	1
710	1
714	8
715	2
716	1
717	4
718	2
719	1
720	1
721	1
722	1
725	1
726	2
727	1
728	1
729	1
730	3
731	1
733	2
734	2
735	1
736	2
737	1
738	2
739	1
741	2
742	1
743	1
744	1
746	1
747	1
748	1
753	1
756	1
757	2
758	3
759	1
760	2
761	1
762	1
763	1
764	2
765	2
766	2
767	1
768	1
769	1
770	2
771	2
772	1
778	2
779	2
780	4
781	4
784	1
787	3
788	1
789	2
790	2
791	1
793	1
794	1
795	1
796	1
797	4
798	1
799	4
800	2
801	2
802	4
803	2
804	1
805	1
806	1
807	1
808	1
811	11
812	12
813	12
814	6
815	9
816	3
817	7
818	3
819	1
820	3
821	4
822	3
823	4
824	5
825	5
826	6
827	4
830	6
831	5
832	8
833	1
835	1
836	3
838	12
839	1
840	1
841	2
844	13
845	7
846	1
847	3
848	2
849	2
850	10
851	2
852	1
853	1
854	1
855	2
856	1
857	2
858	1
859	1
860	2
861	1
863	5
864	3
865	3
866	1
867	1
868	1
869	2
871	3
872	2
873	9
874	2
875	1
876	2
877	1
878	1
879	1
880	2
881	1
882	1
883	1
884	1
885	1
886	3
887	1
888	3
889	9
891	2
892	1
893	2
894	1
895	3
899	1
900	1
901	5
902	1
904	1
907	8
909	3
910	7
911	3
912	1
913	2
914	5
915	2
917	1
918	3
919	1
920	3
921	4
922	78
923	2
925	6
926	4
927	4
928	6
929	1
930	3
931	3
932	1
933	1
934	1
937	2
938	1
939	1
940	2
941	1
942	1
943	1
944	1
945	1
946	1
948	4
949	1
950	1
951	1
952	1
953	1
954	1
955	4
956	4
957	4
958	4
962	3
963	4
965	3
966	2
967	2
968	3
969	1
970	1
971	2
972	1
973	2
974	1
975	2
976	2
977	2
978	2
979	1
980	1
981	2
983	1
988	1
990	1
991	1
992	1
993	3
994	4
995	1
997	1
998	2
999	3
1000	2
1001	1
1003	1
1004	1
1006	4
1007	4
1008	1
1011	3
1012	1
1014	1
1015	1
1016	1
1017	1
1019	2
1020	1
1022	1
1024	1
1026	3
1027	3
1028	3
1029	3
1031	1
1032	1
1034	5
1035	5
1039	2
1040	2
1042	2
1044	1
1045	2
1046	2
1047	9
1048	1
1049	2
1051	2
1052	2
1053	5
1054	3
1055	2
1057	2
1058	5
1059	3
1060	1
1061	3
1062	1
1063	1
1064	8
1067	1
1068	2
1069	1
1070	2
1071	1
1074	3
1075	2
1077	3
1078	2
1079	4
1080	8
1081	3
1082	1
1083	1
1084	11
1085	1
1086	6
1087	1
1089	2
1091	1
1092	3
1093	2
1094	1
1095	1
1096	1
1097	1
1099	2
1100	2
1101	1
1103	3
1106	2
1107	2
1108	2
1109	2
1110	20
1113	3
1114	4
1115	11
1116	29
1117	1
1119	2
1120	1
1122	1
1125	1
1126	1
1127	1
1129	1
1130	2
1131	1
1132	2
1134	2
1135	2
1136	2
1137	2
1139	1
1141	1
1142	1
1148	1
1151	1
1158	1
1159	1
1164	2
1165	3
1173	1
1176	2
1177	1
1178	1
1179	1
1182	2
1183	1
1184	2
1186	3
1187	2
1188	3
1189	5
1190	3
1191	1
1192	2
1193	2
1194	1
1195	7
1196	1
1197	1
1198	2
1199	1
1201	3
1202	2
1203	3
1204	2
1205	2
1206	1
1207	3
1208	1
1209	1
1210	1
1212	1
1213	2
1217	2
1218	1
1220	1
1222	1
1223	1
1225	1
1226	1
1227	1
1228	2
1229	2
1230	3
1231	2
1232	1
1233	1
1236	1
1237	1
1239	2
1240	2
1241	1
1242	6
1243	2
1244	1
1246	1
1247	1
1251	1
1252	1
1253	3
1254	1
1255	1
1256	1
1257	1
1259	1
1270	1
1275	2
1278	1
1279	1
1283	4
1285	2
1291	2
1294	1
1298	2
1300	3
1307	1
1312	4
1313	3
1314	1
1315	4
1319	5
1320	1
1321	1
1322	1
1323	1
1324	1
1325	2
1327	2
1328	1
1329	1
1330	5
1331	4
1332	4
1333	2
1334	2
1335	2
1338	1
1343	2
1344	1
1345	2
1346	2
1348	5
1349	1
1351	2
1352	1
1353	7
1354	2
1357	8
1358	2
1363	4
1364	1
1365	6
1366	2
1367	3
1368	5
1369	2
1370	7
1371	5
1373	2
1374	2
1375	2
1379	4
1380	2
1382	1
1383	1
1384	8
1388	4
1389	4
1392	2
1393	1
1394	3
1395	1
1397	1
1398	7
1399	1
1401	2
1403	9
1404	2
1406	1
1408	1
1424	2
1425	8
1426	5
1427	3
1428	4
1429	3
1430	3
1431	4
1432	2
1433	2
1434	1
1435	2
1437	2
1438	3
1439	2
1440	2
1441	2
1442	2
1443	1
1444	2
1448	1
1450	2
1451	1
1452	1
1455	4
1456	1
1457	2
1458	2
1460	1
1464	4
1465	1
1466	1
1467	2
1468	1
1469	1
1470	1
1473	1
1474	1
1476	4
1477	1
1478	1
1479	1
1480	1
1483	1
1484	1
1485	2
1486	1
1487	1
1488	2
1489	2
1490	1
1491	3
1492	1
1493	1
1494	1
1495	1
1496	2
1497	1
1498	1
1499	2
1501	5
1502	1
1505	1
1507	1
1509	2
1510	3
1511	2
1512	2
1513	4
1514	1
1515	1
1517	2
1518	2
1519	3
1520	1
1521	1
1522	3
1523	2
1524	1
1525	1
1527	1
1528	5
1535	1
1538	16
1539	17
1540	17
1541	1
1542	3
1543	3
1544	1
1545	1
1546	1
1547	1
1548	1
1549	1
1555	2
1556	1
1557	1
1558	9
1560	2
1561	2
1562	1
1563	2
1565	2
1568	1
1569	1
1571	1
1572	1
1573	1
1574	2
1575	2
1576	1
1577	1
1578	4
1579	2
1580	6
1581	2
1582	2
1583	1
1584	1
1585	1
1586	2
1587	1
1588	1
1589	1
1590	1
1591	1
1592	2
1593	12
1594	1
1595	5
1596	12
1597	1
1598	1
1599	1
1601	3
1602	3
1607	2
1608	1
1609	2
1610	5
1611	2
1612	2
1613	1
1615	2
1617	4
1619	1
1620	2
1621	2
1622	6
1623	7
1624	7
1625	3
1626	2
1627	1
1628	1
1629	2
1630	1
1631	1
1633	1
1634	2
1635	1
1637	2
1638	3
1639	1
1640	5
1641	4
1643	1
1644	1
1645	1
1646	1
1647	5
1648	2
1649	4
1652	6
1653	6
1654	1
1655	4
1656	2
1657	2
1658	2
1659	1
1661	1
1662	2
1663	2
1664	1
1665	1
1666	5
1667	1
1668	1
1672	1
1673	1
1674	1
1676	4
1677	4
1678	4
1679	6
1681	6
1682	7
1684	1
1685	1
1686	1
1687	4
1689	6
1690	2
1691	1
1692	14
1693	2
1694	3
1695	3
1696	3
1697	3
1698	1
1699	1
1702	3
1703	4
1704	4
1705	3
1706	1
1707	1
1708	1
1709	1
1710	3
1711	2
1712	1
1713	2
1714	3
1715	2
1716	2
1718	1
1719	1
1720	1
1721	4
1723	1
1725	1
1728	1
1729	1
1730	1
1731	1
1733	3
1734	1
1735	2
1736	2
1737	1
1738	4
1739	4
1740	1
1744	1
1745	1
1746	1
1749	1
1750	2
1752	4
1753	1
1754	4
1755	3
1756	2
1757	1
1758	4
1759	1
1760	3
1761	2
1762	1
1763	1
1764	1
1768	3
1769	1
1770	1
1771	1
1772	1
1775	2
1776	1
1777	1
1778	2
1779	2
1781	1
1782	14
1783	5
1784	2
1785	2
1786	1
1787	1
1788	1
1790	2
1791	1
1792	1
1793	1
1794	1
1796	2
1799	2
1800	2
1801	1
1803	6
1804	1
1805	2
1807	4
1808	5
1809	2
1810	5
1812	1
1813	1
1814	2
1815	1
1816	1
1817	2
1818	1
1819	1
1820	2
1821	4
1822	2
1823	1
1824	1
1825	14
1826	2
1827	2
1830	1
1831	1
1832	2
1833	1
1834	7
1835	7
1836	1
1837	2
1838	1
1839	2
1840	2
1841	1
1843	1
1844	1
1845	1
1846	3
1847	5
1848	5
1849	5
1850	2
1851	2
1852	1
1853	1
1854	2
1856	5
1857	2
1858	2
1859	1
1860	3
1866	1
1867	1
1868	1
1869	1
1870	1
1872	1
1873	1
1874	2
1875	1
1876	1
1878	1
1879	1
1880	1
1881	1
1883	1
1884	1
1885	2
1886	1
1887	1
1889	1
1890	1
1892	1
1893	1
1895	6
1896	1
1897	6
1899	3
1900	3
1902	5
1903	5
1904	3
1905	3
1906	1
1907	2
1908	1
1909	1
1910	1
1911	1
1912	1
1914	3
1915	8
1916	1
1917	1
1918	2
1919	2
1920	2
1921	3
1922	1
1923	1
1924	2
1925	2
1928	2
1929	3
1930	1
1933	1
1934	1
1935	1
1937	1
1938	3
1939	2
1940	3
1941	2
1942	1
1945	1
1946	8
1947	2
1948	5
1950	1
1951	2
1952	1
1953	1
1954	2
1955	2
1956	2
1958	5
1959	5
1960	5
1961	7
1962	7
1963	7
1964	5
1965	4
1966	4
1968	1
1969	1
1971	1
1972	4
1988	1
1995	1
1996	1
1997	1
1998	1
1999	1
2000	1
2001	1
2002	1
2006	1
2007	1
2008	1
2009	1
2010	1
2011	1
2012	1
2013	1
2015	1
2016	1
2017	1
2018	1
2020	1
2036	1
2037	1
2038	1
2040	3
2041	1
2042	1
2044	1
2045	2
2046	2
2047	2
2048	2
2062	1
2063	1
2064	1
2065	1
2066	1
2067	1
2071	1
2072	1
2073	1
2079	1
2080	1
2083	1
2084	12
2085	10
2087	8
2089	18
2090	3
2091	14
2092	1
2093	1
2094	1
2095	1
2096	1
2097	1
2098	1
2104	2
2105	21
2106	1
2107	1
2108	2
2109	2
2110	2
2111	2
2112	2
2113	2
2114	2
2115	2
2117	1
2118	1
2119	1
2120	1
2121	1
2122	1
2123	1
2124	1
2125	4
2126	4
2127	4
2128	4
2129	1
2130	1
2131	4
2132	4
2133	4
2134	4
2135	4
2136	4
2137	4
2138	4
2139	1
2140	1
2141	1
2142	1
2143	1
2144	8
2145	7
2146	10
2147	7
2148	7
2149	7
2150	7
2151	7
2152	7
2153	7
2154	9
2155	9
2156	1
2157	7
2158	27
2159	18
2160	7
2161	24
2162	3
2163	1
2165	1
2166	1
2169	1
2170	1
2171	1
2172	1
2174	2
2175	1
2176	1
2177	1
2178	5
2179	1
2180	3
2181	1
2183	34
2184	1
2185	1
2186	1
2187	27
2188	1
2189	1
2190	1
2191	1
2193	1
2194	1
2195	1
2196	1
2201	1
2202	3
2203	3
2204	2
2206	14
2207	2
2209	4
2210	4
2211	1
2212	4
2213	3
2214	3
2215	1
2216	6
2218	2
2219	3
2220	2
2222	1
2223	4
2224	1
2225	1
2226	1
2227	1
2228	1
2229	1
2230	1
2231	1
2232	1
2233	1
2234	1
2235	8
2252	1
2253	1
2256	6
2257	2
2258	1
2259	3
2260	1
2261	6
2262	6
2263	6
2264	6
2265	6
2266	6
2267	6
2268	6
2269	1
2270	6
2271	6
2272	6
2273	6
2274	1
2275	1
2276	1
2277	1
2284	1
2285	1
2286	1
2287	1
2288	1
2289	1
2290	1
2291	1
2292	1
2293	1
2294	1
2295	1
2296	4
2297	1
2298	1
2299	1
2300	1
2301	2
2302	1
2303	1
2304	1
2305	1
2306	2
2307	1
2308	4
2309	2
2310	1
2311	1
2313	2
2314	2
2316	1
2317	1
2318	1
2319	3
2320	3
2321	3
2322	3
2323	3
2324	6
2325	6
2326	6
2327	8
2328	8
2329	10
2330	3
2332	1
2335	6
2337	5
2338	5
2339	5
2340	5
2341	5
2342	5
2343	5
2344	5
2345	5
2350	1
2353	8
2354	8
2359	1
2360	1
2361	2
2362	1
2363	1
2364	1
2365	4
2366	1
2367	1
2368	1
2369	1
2370	1
2371	2
2372	3
2373	11
2374	1
2375	8
2376	8
2377	2
2386	1
2387	1
2388	1
2389	1
2390	1
2391	1
2392	1
2393	1
2394	1
2396	1
2397	1
2398	1
2399	1
2400	1
2401	1
2402	2
2403	2
2405	2
2406	5
2407	1
2408	1
2409	1
2410	2
2411	1
2412	1
2413	1
2414	1
2416	2
2417	2
2418	1
2419	1
2420	1
2421	1
2422	1
2423	1
2424	1
2428	1
2432	8
2433	1
2434	1
2435	1
2437	2
2438	1
2439	1
2446	6
2447	2
2452	1
2453	1
2454	1
2455	1
2456	1
2457	1
2458	1
2459	1
2460	1
2461	1
2462	1
2464	1
2465	1
2471	1
2472	1
2473	1
2474	1
2487	1
2488	2
2489	1
2490	1
2491	1
2492	1
2495	1
2496	1
2500	2
2501	2
2502	2
2509	1
2510	1
2512	1
2513	1
2514	1
2515	2
2516	3
2517	1
2523	1
2524	1
2527	1
2535	1
2536	1
2537	6
2539	4
2540	4
2541	4
2542	4
2543	2
2544	2
2545	1
2546	1
2547	1
2548	1
2549	1
2551	1
2552	2
2554	5
2555	2
2556	3
2557	2
2560	1
2561	2
2563	3
2564	1
2567	1
2568	1
2575	1
2576	1
2577	1
2578	1
2579	1
2580	52
2581	15
2582	7
2583	7
2584	1
2586	2
2588	2
2591	2
2594	1
2599	4
2602	3
2603	3
2604	3
2605	3
2606	3
2607	3
2608	3
2609	1
2610	1
2611	1
2612	1
2613	1
2614	1
2615	1
2618	1
2619	1
2620	12
2626	1
2627	2
2633	4
2634	1
2635	1
2636	1
2637	1
2638	1
2639	1
2640	1
2641	1
2642	1
2643	1
2646	1
2649	76
2650	1
2651	1
2657	1
2658	1
2659	1
2660	1
2661	1
2667	1
2668	1
2677	63
2678	4
2683	1
2684	3
2685	3
2686	1
2689	1
2690	1
2691	1
2692	1
2693	1
2694	1
2695	1
2696	1
2697	1
2698	1
2699	1
2700	1
2701	1
2702	1
2703	1
2704	1
2705	1
2706	1
2707	1
2708	1
2709	1
2710	1
2711	1
2712	1
2713	1
2714	1
2716	1
2717	1
2718	1
2719	1
2720	1
2721	1
2722	1
2723	1
2724	1
2725	1
2726	1
2727	1
2728	1
2729	1
2730	1
2731	1
2732	1
2733	1
2734	1
2735	1
2736	1
2737	1
2738	1
2739	1
2740	1
2741	1
2744	2
2745	2
2746	2
2747	2
2750	2
2753	2
2755	1
2756	1
2757	1
2759	1
2760	1
2761	1
2765	2
2768	2
2769	2
2770	2
2771	2
2773	2
2774	2
2775	2
2777	4
2778	3
2779	3
2781	2
2782	2
2783	2
2784	1
2786	2
2788	2
2790	4
2791	4
2793	3
2794	3
2795	3
2796	3
2798	2
2799	2
2800	2
2802	2
2803	2
2804	2
2806	1
2808	2
2809	2
2810	2
2812	2
2813	2
2814	2
2815	2
2817	2
2818	2
2819	2
2821	2
2822	2
2823	1
2825	1
2826	1
2827	1
2828	1
2829	1
2830	2
2831	2
2833	58
2840	1
2841	1
2842	8
2843	1
2844	1
2847	1
2848	1
2849	1
2850	1
2858	1
2861	8
2863	1
2864	1
2865	1
2866	1
2867	1
2868	1
2869	1
2870	1
2871	1
2872	1
2873	1
2874	1
2875	1
2876	1
2877	1
2878	1
2879	1
2880	1
2881	1
2882	1
2883	1
2884	1
2885	1
2886	1
2887	1
2888	1
2889	1
2890	1
2891	1
2892	1
2893	1
2894	1
2895	1
2896	1
2897	1
2898	1
2899	1
2900	1
2901	1
2902	1
2903	1
2904	1
2905	1
2906	1
2907	1
2908	1
2909	1
2910	1
2911	1
2912	1
2913	1
2914	1
2915	1
2916	1
2917	1
2918	1
2919	1
2920	1
2921	1
2922	1
2923	1
2924	1
2925	1
2926	1
2927	1
2928	1
2929	1
2930	1
2931	1
2932	1
2933	1
2934	1
2935	1
2936	1
2937	1
2938	1
2939	1
2940	1
2941	1
2942	1
2943	1
2944	1
2945	1
2946	1
2947	1
2948	1
2949	1
2950	1
2951	1
2952	1
2953	1
2954	1
2955	1
2956	1
2957	1
2958	1
2959	1
2960	1
2961	1
2962	1
2963	1
2964	1
2965	1
2966	1
2967	1
2968	1
2969	1
2970	1
2971	1
2973	1
2974	1
2975	1
2976	1
2977	1
2978	1
2979	1
2980	1
2981	1
2982	1
2983	1
2984	1
2985	1
2986	1
2987	1
2988	1
2989	1
2990	1
2991	6
2992	1
2993	1
2994	1
2995	1
2996	1
2997	1
2998	1
2999	3
3000	3
3001	3
3002	3
3003	3
3004	3
3005	3
3006	6
3007	6
3008	5
3009	6
3010	5
3011	5
3012	5
3013	6
3014	6
3015	5
3016	6
3017	5
3018	5
3019	5
3020	5
3021	5
3022	5
3023	5
3024	5
3025	5
3026	5
3027	5
3028	2
3029	2
3030	2
3031	2
3032	2
3033	2
3035	2
3036	2
3037	2
3038	2
3039	2
3040	3
3041	3
3042	3
3043	3
3044	3
3045	3
3046	3
3047	3
3048	3
3049	3
3050	3
3051	3
3052	3
3053	3
3054	2
3055	3
3056	3
3058	3
3059	3
3060	3
3061	2
3062	3
3063	2
3064	2
3065	2
3066	2
3068	1
3069	1
3070	2
3071	2
3072	2
3073	2
3074	2
3075	2
3076	2
3077	1
3078	1
3079	1
3080	1
3081	1
3082	1
3083	33
3084	5
3085	3
3087	1
3092	2
3094	10
3096	1
3097	10
3099	35
3100	1
3101	1
3102	1
3103	2
3104	1
3105	1
3106	2
3107	1
3108	1
3109	1
3110	2
3111	3
3113	1
3114	3
3115	10
3116	2
3117	2
3118	2
3119	2
3120	6
3121	3
3122	2
3123	2
3124	3
3125	1
3126	1
3127	2
3128	1
3129	3
3130	2
3131	2
3132	1
3133	2
3134	2
3135	1
3136	3
3137	3
3138	1
3139	1
3140	1
3141	3
3142	3
3143	3
3144	3
3146	1
3147	1
3148	2
3149	1
3150	1
3151	2
3153	1
3154	1
3156	48
3157	3
3158	20
3159	6
3160	16
3161	13
3165	2
3171	10
3172	9
3173	16
3174	10
3175	22
3176	9
3178	2
3179	1
3181	1
3182	1
3183	1
3184	1
3185	1
3186	2
3191	1
3193	1
3194	1
3195	1
3196	2
3197	2
3198	1
3199	1
3200	1
3201	1
3202	1
3203	1
3204	1
3205	1
3209	9
3210	2
3211	3
3213	1
3217	2
3219	1
3221	1
3222	1
3223	1
3224	1
3225	1
3226	1
3227	1
3228	1
3229	1
3230	1
3231	2
3233	1
3234	2
3236	1
3237	8
3238	1
3239	1
3240	1
3241	1
3242	1
3243	1
3245	1
3246	1
3247	2
3248	1
3249	1
3250	2
3251	1
3252	1
3253	1
3254	1
3257	1
3258	4
3259	6
3260	2
3262	2
3264	1
3265	1
3267	1
3269	1
3270	1
3271	1
3272	1
3273	1
3274	1
3275	1
3276	1
3277	1
3278	1
3279	1
3280	1
3283	12
3330	1
3331	1
3332	1
3333	1
3334	8
3335	1
3336	1
3337	1
3338	1
3339	1
3340	2
3341	2
3342	1
3343	1
3344	1
3345	2
3347	11
3348	7
3349	7
3350	7
3351	7
3352	7
3353	7
3354	7
3355	7
3356	7
3357	7
3358	7
3359	7
3360	2
3361	2
3362	8
3363	7
3364	4
3365	1
3366	1
3367	4
3368	4
3369	1
3370	1
3371	3
3372	1
3373	1
3374	1
3375	1
3376	1
3379	2
3380	3
3381	5
3382	1
3383	1
3385	2
3386	1
3388	2
3389	2
3390	2
3391	2
3392	1
3394	1
3396	2
3399	1
3400	1
3403	1
3404	1
3405	1
3406	2
3407	2
3408	2
3409	1
3410	1
3411	1
3412	2
3413	2
3414	1
3415	2
3416	1
3417	1
3418	1
3419	1
3420	1
3421	1
3422	1
3425	2
3426	2
3428	1
3429	1
3430	1
3431	1
3432	1
3433	1
3434	1
3456	16
3460	1
3462	1
3464	2
3465	2
3469	1
3470	1
3471	1
3472	1
3473	1
3474	1
3475	2
3476	1
3479	1
3494	1
3504	8
3505	8
3506	6
3508	1
3509	1
3510	1
3511	1
3512	2
3513	1
3514	1
3515	1
3517	1
3518	4
3519	4
3520	4
3523	1
3524	1
3525	1
3526	1
3527	1
3531	1
3532	1
3533	1
3537	2
3538	2
3539	2
3540	1
3541	1
3542	1
3544	1
3550	1
3551	1
3553	1
3555	1
3563	1
3572	1
3573	1
3575	1
3581	1
3582	1
3583	1
3584	1
3585	2
3587	2
3588	1
3589	1
3590	1
3594	1
3596	1
3601	1
3602	1
3620	1
3621	2
3628	1
3629	1
3635	2
3636	2
3637	2
3639	2
3644	1
3648	2
3649	1
3652	1
3654	1
3655	1
3657	2
3660	1
3661	8
3662	8
3663	3
3666	1
3673	1
3678	1
3679	1
3680	1
3681	1
3685	2
3689	1
3691	1
3693	2
3695	1
3701	1
3702	1
3703	1
3707	1
3714	1
3715	1
3723	1
3728	1
3729	1
3730	1
3732	1
3735	1
3736	1
3737	6
3738	2
3739	3
3740	3
3742	1
3743	1
3754	1
3760	1
3763	5
3766	1
3767	1
3776	2
3777	1
3778	1
3779	1
3780	1
3781	10
3782	3
3783	3
3784	3
3785	2
3786	2
3787	3
3788	1
3792	1
3794	1
3795	1
3800	1
3801	1
3809	1
3814	1
3815	1
3816	1
3821	1
3823	1
3831	1
3841	8
3842	2
3843	2
3844	2
3845	2
3846	2
3847	2
3848	1
3849	1
3850	1
3851	1
3852	1
3853	4
3856	2
3857	1
3858	1
3859	1
3860	1
3861	1
3862	1
3863	1
3868	13
3869	3
3870	4
3871	5
3872	4
3873	4
3875	8
3876	1
3877	2
3878	2
3879	2
3880	2
3881	2
3882	2
3883	2
3884	2
3885	1
3886	1
3887	1
3888	1
3889	1
3890	1
3891	1
3894	1
3895	1
3896	1
3897	1
3898	1
3899	1
3900	5
3901	2
3902	1
3903	2
3904	2
3905	3
3906	1
3907	2
3908	1
3909	1
3910	1
3911	1
3912	1
3913	1
3914	11
3915	6
3916	10
3917	1
3921	3
3922	3
3927	1
3934	5
3935	5
3936	5
3937	5
3938	5
3939	5
3940	5
3941	5
3942	5
3943	5
3944	5
3945	5
3946	5
3947	5
3948	5
3949	5
3950	5
3951	5
3952	5
3953	5
3954	5
3955	5
3956	5
3957	5
3958	5
3959	5
3960	5
3961	5
3962	5
3963	5
3964	5
3965	5
3966	5
3967	5
3968	5
3980	1
3982	6
3983	1
3984	1
3985	2
3986	6
3987	6
3988	6
3989	4
3990	11
3991	3
3992	2
3993	2
3994	6
3995	3
3996	3
3997	4
3998	4
3999	4
4000	4
4001	2
4002	2
4003	2
4004	2
4006	3
4007	2
4008	2
4009	3
4010	3
4011	6
4012	4
4019	1
4020	1
4021	1
4022	1
4032	1
4034	1
4035	1
4036	1
4037	1
4038	1
4039	1
4040	1
4041	6
4042	1
4043	3
4056	1
4057	1
4058	1
4059	1
4066	1
4067	1
4071	1
4072	8
4073	7
4077	5
4079	9
4085	1
4091	1
4092	2
4093	2
4097	5
4098	2
4099	1
4100	3
4101	3
4102	1
4103	1
4105	3
4107	3
4108	3
4109	3
4110	2
4112	2
4113	2
4114	2
4115	2
4116	1
4117	1
4118	1
4119	3
4120	1
4121	1
4122	1
4123	1
4124	1
4125	1
4126	1
4127	1
4128	1
4129	6
4130	6
4131	9
4132	3
4133	4
4134	1
4135	7
4136	6
4137	6
4138	2
4139	2
4140	2
4141	11
4142	9
4143	7
4144	10
4145	8
4146	2
4147	2
4148	1
4149	3
4150	3
4151	1
4152	1
4153	4
4157	5
4160	4
4161	3
4162	4
4163	4
4166	11
4167	3
4168	1
4169	2
4170	1
4172	3
4173	2
4174	1
4175	5
4176	2
4177	2
4178	3
4179	3
4180	5
4181	2
4182	3
4183	3
4184	3
4185	3
4188	2
4189	7
4190	2
4191	2
4192	2
4193	2
4194	4
4195	3
4196	1
4197	7
4198	5
4199	2
4200	3
4201	1
4202	1
4203	1
4204	3
4205	1
4206	1
4207	1
4208	1
4209	1
4210	1
4211	2
4212	1
4213	3
4214	1
4215	3
4216	1
4217	2
4218	3
4219	1
4220	1
4221	2
4222	3
4223	2
4224	2
4225	1
4226	4
4227	4
4228	3
4229	4
4230	1
4231	1
4232	1
4233	1
4234	3
4235	3
4236	5
4237	8
4238	1
4239	1
4240	1
4241	1
4243	1
4246	1
4247	3
4248	4
4249	5
4250	1
4257	1
4258	3
4259	5
4260	5
4261	4
4262	3
4263	3
4264	3
4265	7
4266	7
4267	5
4268	3
4269	2
4270	4
4271	2
4272	1
4273	4
4274	1
4275	5
4276	1
4277	3
4278	1
4279	3
4280	2
4282	2
4283	1
4284	2
4285	2
4286	2
4287	1
4288	3
4289	6
4290	2
4291	5
4292	2
4293	3
4294	5
4295	2
4296	1
4297	2
4298	1
4299	1
4303	2
4304	1
4306	1
4307	1
4314	1
4320	1
4322	2
4323	2
4325	1
4328	1
4332	1
4342	1
4344	14
4345	59
4346	8
4347	15
4348	22
4349	3
4350	5
4351	6
4352	4
4353	12
4354	12
4355	6
4356	2
4357	23
4358	7
4359	17
4360	3
4361	35
4362	12
4363	19
4364	38
4365	36
4366	58
4367	4
4368	65
4369	50
4370	1
4371	88
4372	3
4373	7
4374	28
4375	13
4376	3
4377	26
4378	4
4379	26
4380	2
4381	2
4382	17
4383	17
4385	7
4386	8
4387	6
4388	16
4389	21
4390	20
4391	13
4392	39
4393	29
4395	1
4396	1
4397	8
4398	20
4399	23
4400	5
4402	5
4403	10
4404	13
4405	1
4406	1
4407	1
4408	1
4409	16
4410	8
4411	5
4412	5
4414	1
4415	4
4416	7
4417	1
4419	2
4420	3
4421	4
4422	1
4423	1
4424	2
4425	1
4426	10
4427	18
4428	3
4429	1
4430	13
4431	14
4432	12
4433	13
4434	1
4435	1
4436	1
4437	4
4438	15
4439	6
4440	50
4441	41
4442	1
4443	4
4444	2
4445	7
4446	13
4447	14
4448	38
4449	2
4450	21
4451	36
4452	5
4453	4
4454	4
4455	4
4456	71
4457	1
4458	1
4459	1
4460	1
4461	2
4462	3
4463	4
4464	8
4465	3
4466	10
4467	32
4468	4
4469	8
4478	1
4480	2
4482	4
4486	2
4487	2
4490	12
4491	12
4492	12
4493	1
4494	1
4495	1
4496	4
4497	3
4498	25
4499	1
4500	14
4501	14
4502	3
4503	34
4504	4
4505	4
4506	4
4507	1
4508	2
4510	1
4511	1
4512	1
4513	32
4514	18
4515	27
4516	2
4517	3
4518	2
4519	30
4520	2
4521	1
4522	3
4523	1
4524	1
4526	27
4527	19
4528	2
4529	1
4532	1
4533	1
4534	16
4535	1
4536	16
4537	13
4538	13
4539	13
4540	13
4541	13
4542	13
4543	14
4544	13
4545	13
4546	13
4547	16
4548	14
4549	13
4550	2
4551	1
4552	2
4553	2
4554	3
4555	3
4556	3
4557	1
4558	1
4559	1
4560	4
4561	1
4562	1
4563	3
4564	7
4565	5
4566	1
4567	1
4569	1
4570	14
4571	1
4572	1
4573	1
4574	1
4575	1
4576	2
4577	2
4578	2
4579	1
4580	2
4581	3
4582	1
4583	2
4584	1
4585	2
4586	1
4587	5
4588	3
4589	1
4590	2
4596	1
4603	11
4604	8
4605	4
4607	4
4608	3
4615	6
4617	1
4618	1
4623	1
4624	1
4625	2
4626	2
4627	1
4628	2
4630	34
4631	1
4632	40
4633	6
4634	37
4635	12
4636	3
4637	3
4638	1
4639	8
4644	6
4645	6
4646	6
4647	2
4648	2
4649	1
4650	2
4657	1
4658	1
4659	5
4660	2
4661	1
4662	8
4663	2
4664	3
4665	4
4666	2
4667	3
4668	1
4670	3
4671	6
4672	2
4673	4
4674	16
4675	3
4676	5
4677	1
4678	5
4679	2
4680	4
4681	3
4682	2
4683	2
4684	5
4685	7
4686	1
4687	28
4688	15
4690	2
4692	21
4693	7
4694	8
4695	4
4696	13
4697	4
4698	2
4699	2
4701	2
4702	4
4705	2
4706	3
4707	9
4708	1
4709	1
4710	2
4711	1
4712	2
4713	1
4714	2
4715	1
4716	2
4717	2
4718	6
4719	1
4720	1
4721	6
4722	5
4723	2
4724	4
4725	10
4726	11
4727	2
4728	9
4729	15
4730	10
4731	2
4732	1
4733	10
4734	33
4735	51
4736	8
4737	5
4738	3
4739	1
4741	6
4742	1
4743	1
4745	1
4746	1
4751	1
4765	2
4771	2
4778	1
4780	1
4781	1
4782	1
4783	1
4784	1
4785	1
4786	1
4787	1
4788	1
4789	1
4790	1
4791	1
4792	1
4793	1
4799	3
4800	1
4801	1
4802	7
4803	1
4804	1
4805	2
4806	3
4807	1
4808	3
4809	5
4810	1
4811	1
4812	1
4813	3
4814	1
4815	2
4816	1
4817	1
4818	1
4819	2
4824	2
4825	2
4827	2
4828	2
4829	1
4830	1
4831	1
4832	1
4833	1
4834	1
4835	3
4836	1
4838	1
4839	1
4841	1
4845	1
4848	1
4849	11
4850	27
4851	26
4852	3
4853	20
4854	5
4855	4
4856	4
4857	20
4858	7
4859	7
4860	7
4861	7
4862	7
4863	7
4864	7
4865	7
4866	7
4867	7
4868	7
4869	7
4870	7
4871	7
4872	7
4873	7
4892	1
4894	1
4896	1
4897	1
4913	1
4914	1
4916	2
4919	1
4920	1
4926	6
4927	1
4928	1
4929	1
4930	1
4936	6
4937	3
4938	3
4939	3
4941	3
4942	1
4943	3
4944	1
4945	3
4948	3
4949	2
4950	2
4951	2
4952	4
4953	1
4955	1
4957	2
4958	31
4959	28
4960	31
4961	4
4962	11
4963	5
4964	4
4966	1
4967	2
4968	1
4969	2
4971	1
4972	1
4973	1
4974	1
4975	2
4977	1
4979	1
4980	1
4981	1
4982	1
4983	1
4984	1
4989	1
4990	1
4992	1
4995	2
4996	4
4997	9
4998	2
4999	7
5000	9
5001	1
5002	7
5003	1
5004	2
5005	2
5006	1
5007	2
5008	1
5009	1
5011	1
5018	1
5019	1
5027	2
5028	2
5030	2
5031	7
5032	3
5033	1
5034	1
5036	5
5037	1
5043	1
5050	5
5051	1
5052	1
5053	1
5054	1
5055	6
5056	3
5057	3
5058	3
5059	2
5060	4
5061	5
5062	6
5063	3
5064	3
5065	3
5066	4
5067	3
5068	7
5069	7
5070	8
5071	5
5072	6
5073	3
5074	4
5075	3
5076	2
5077	1
5078	2
5079	4
5080	4
5081	5
5082	2
5083	14
5084	5
5085	4
5086	2
5087	22
5088	1
5089	18
5090	9
5091	11
5092	6
5093	10
5094	11
5095	7
5096	9
5097	5
5098	8
5099	18
5101	2
5102	1
5103	4
5104	1
5105	1
5106	1
5107	1
5108	1
5109	1
5110	1
5111	1
5112	1
5113	1
5114	1
5119	1
5121	5
5126	4
5128	1
5130	11
5131	10
5132	14
5133	14
5134	5
5135	5
5136	2
5137	2
5138	2
5139	2
5140	2
5141	4
5142	1
5143	1
5144	1
5145	1
5146	1
5147	5
5148	2
5149	1
5150	3
5151	5
5152	2
5153	2
5154	1
5155	1
5156	1
5157	1
5160	1
5162	1
5163	1
5164	1
5165	1
5173	3
5174	2
5175	6
5181	6
5184	5
5185	5
5186	5
5189	5
5190	5
5192	5
5193	1
5194	1
5195	1
5196	1
5197	11
5198	12
5199	10
5200	8
5201	2
5202	2
5203	2
5204	2
5205	2
5206	1
5207	2
5208	15
5209	16
5210	16
5211	12
5212	12
5213	7
5214	7
5215	3
5216	3
5217	3
5218	2
5219	2
5220	2
5221	2
5222	2
5223	1
5224	1
5225	1
5226	2
5227	2
5228	2
5231	1
5232	4
5233	1
5234	1
5235	1
5237	1
5238	1
5239	1
5240	1
5241	1
5242	3
5243	1
5244	1
5246	1
5247	1
5248	1
5249	1
5250	4
5251	4
5252	1
5253	1
5254	1
5256	2
5257	1
5258	1
5259	2
5260	1
5261	1
5262	2
5263	2
5264	1
5265	1
5266	1
5267	1
5268	1
5269	1
5274	3
5275	1
5277	1
5278	1
5279	1
5280	2
5281	1
5282	1
5283	1
5284	1
5285	1
5286	1
5287	1
5288	1
5289	1
5290	1
5291	1
5292	1
5293	1
5294	1
5296	2
5297	1
5298	2
5299	3
5301	1
5304	1
5305	2
5306	1
5307	1
5308	3
5309	1
5310	1
5334	2
5338	1
5339	1
5341	1
5342	1
5343	1
5344	2
5349	3
5350	3
5351	1
5352	1
5355	1
5356	1
5357	1
5358	1
5359	2
5360	1
5361	1
5362	1
5363	1
5364	1
5365	1
5366	2
5367	1
5368	2
5369	1
5370	1
5371	1
5375	1
5376	1
5377	1
5378	1
5379	1
5380	1
5381	1
5382	1
5383	1
5384	1
5385	1
5386	1
5391	1
5396	1
5398	2
5399	4
5400	5
5401	5
5402	1
5403	5
5404	3
5405	34
5406	19
5407	2
5408	6
5409	4
5410	10
5411	11
5412	10
5413	11
5414	15
5415	15
5416	3
5417	4
5418	3
5419	4
5420	2
5421	1
5422	2
5423	5
5424	6
5425	19
5426	6
5427	12
5428	10
5429	13
5430	13
5431	4
5432	3
5433	7
5434	3
5435	6
5436	2
5437	5
5438	4
5439	5
5440	3
5441	3
5442	3
5443	20
5444	2
5445	3
5446	1
5447	2
5448	16
5449	7
5450	11
5453	8
5454	3
5455	1
5456	1
5457	1
5458	1
5459	26
5460	10
5461	8
5462	4
5463	1
5465	5
5466	4
5467	4
5468	6
5469	1
5470	1
5471	1
5472	1
5473	5
5474	1
5475	3
5476	4
5477	3
5478	1
5479	1
5480	1
5482	11
5489	3
5490	1
5492	1
5493	1
5494	1
5498	1
5505	5
5506	4
5507	2
5508	3
5509	2
5511	2
5512	3
5513	3
5514	2
5515	2
5522	1
5523	1
5525	1
5526	1
5528	1
5529	1
5530	1
5531	1
5532	1
5533	1
5534	1
5535	1
5536	1
5538	2
5546	2
5547	2
5549	4
5550	4
5551	2
5552	2
5553	2
5554	1
5555	1
5556	1
5572	1
5573	1
5574	1
5575	1
5576	1
5577	1
5578	1
5579	1
5580	1
5581	1
5582	1
5583	1
5584	1
5585	1
5586	1
5587	1
5588	1
5592	1
5597	4
5599	1
5600	1
5601	1
5602	2
5603	1
5604	3
5605	4
5606	5
5607	1
5611	1
5612	2
5613	2
5614	1
5616	2
5617	1
5618	1
5625	1
5627	2
5628	1
5629	2
5630	1
5631	2
5632	4
5633	2
5634	1
5635	8
5636	7
5637	7
5638	2
5640	1
5641	2
5642	2
5643	1
5644	1
5645	1
5646	1
5647	1
5648	1
5649	1
5650	1
5651	1
5652	1
5653	5
5654	5
5655	1
5656	2
5657	1
5658	3
5659	2
5660	1
5661	1
5662	1
5663	1
5664	2
5665	4
5666	2
5667	2
5668	1
5669	1
5670	1
5671	1
5672	1
5673	3
5674	1
5675	2
5676	2
5677	2
5678	2
5679	1
5680	1
5681	2
5683	3
5684	3
5685	1
5687	1
5688	1
5689	11
5690	3
5691	8
5692	25
5693	2
5694	1
5695	4
5696	3
5697	7
5698	1
5699	9
5700	7
5701	6
5702	6
5703	15
5704	28
5705	2
5706	2
5707	1
5708	2
5709	2
5710	2
5711	2
5712	2
5713	2
5714	2
5717	10
5718	11
5719	22
5720	1
5722	1
5725	14
5726	6
5728	1
5729	2
5730	10
5731	6
5732	4
5733	7
5734	8
5735	7
5736	7
5737	3
5740	4
5741	1
5742	10
5743	3
5744	3
5745	1
5746	2
5747	10
5748	7
5749	2
5750	1
5751	1
5752	1
5753	7
5754	7
5755	7
5756	7
5757	7
5758	7
5759	5
5760	8
5762	3
5763	4
5764	1
5765	4
5766	2
5767	1
5768	3
5769	1
5770	3
5771	1
5772	1
5773	1
5774	1
5776	1
5780	1
5783	4
5784	4
5797	1
5813	1
5814	1
5815	1
5816	1
5821	4
5822	2
5823	2
5824	3
5825	3
5826	4
5827	3
5828	4
5829	4
5830	4
5831	4
5840	4
5842	8
5845	1
5846	1
5847	1
5849	4
5850	6
5851	2
5852	6
5853	4
5854	10
5855	12
5856	6
5857	5
5858	44
5859	29
5860	9
5861	5
5862	6
5863	5
5865	5
5866	4
5867	4
5868	4
5869	11
5870	31
5871	7
5872	5
5873	1
5874	2
5875	2
5876	2
5877	2
5878	1
5879	1
5884	1
5887	1
5894	1
5895	1
5898	1
5901	2
5906	1
5907	1
5913	1
5916	1
5917	1
5921	2
5928	1
5929	1
5933	1
5934	1
5936	1
5939	2
5940	1
5947	1
5948	2
5954	1
5955	1
5964	1
5966	1
5973	1
5979	1
6001	3
6002	1
6009	1
6013	1
6016	1
6019	1
6027	3
6030	1
6034	1
6035	1
6041	1
6042	1
6044	1
6045	1
6046	1
6051	1
6052	1
6053	3
6054	3
6055	1
6056	2
6057	1
6058	1
6059	3
6060	1
6061	1
6062	4
6063	4
6064	1
6065	2
6066	1
6067	11
6068	11
6069	7
6070	2
6071	2
6073	1
6074	1
6079	1
6080	1
6081	3
6082	2
6083	3
6084	1
6085	1
6086	3
6087	4
6088	5
6089	4
6090	1
6091	3
6092	2
6093	6
6094	3
6095	2
6096	1
6097	1
6098	2
6099	1
6100	2
6101	2
6102	1
6103	1
6104	1
6105	1
6106	5
6107	1
6108	1
6109	1
6110	1
6111	1
6112	2
6114	1
6116	1
6118	2
6119	1
6120	1
6121	1
6122	1
6123	2
6124	1
6125	1
6126	1
6127	1
6128	2
6129	2
6130	1
6131	1
6132	1
6133	1
6134	1
6148	1
6151	1
6152	1
6153	1
6159	1
6160	1
6161	1
6162	1
6163	1
6164	1
6165	1
6166	1
6167	1
6170	2
6171	2
6172	2
6187	1
6208	2
6209	2
6210	1
6211	1
6215	1
6223	1
6224	1
6225	7
6226	6
6227	3
6228	3
6229	4
6230	4
6231	4
6232	1
6233	2
6236	7
6237	8
6238	4
6240	7
6241	8
6243	7
6244	7
6245	7
6246	7
6247	7
6248	3
6249	3
6250	4
6251	5
6252	4
6253	3
6254	1
6255	3
6256	6
6257	4
6258	1
6259	9
6260	3
6261	3
6262	3
6263	3
6264	2
6265	5
6266	1
6267	1
6268	21
6269	21
6270	8
6271	4
6272	5
6273	1
6274	6
6275	1
6276	23
6277	5
6278	5
6279	16
6281	1
6282	1
6347	1
6375	1
6443	1
6444	1
6445	2
6446	1
6447	1
6448	1
6449	2
6450	6
6451	6
6452	5
6453	3
6454	5
6455	1
6456	1
6457	1
6458	5
6459	5
6460	1
6461	14
6462	3
6463	7
6464	18
6465	5
6466	1
6467	3
6468	2
6469	1
6470	11
6471	3
6472	8
6473	1
6474	2
6475	1
6476	12
6477	2
6478	4
6479	1
6480	8
6481	13
6482	10
6483	12
6484	14
6485	12
6486	1
6487	13
6490	14
6491	2
6492	2
6493	15
6494	5
6495	1
6496	3
6497	2
6498	9
6501	1
6503	4
6504	1
6505	3
6506	2
6507	1
6508	3
6509	1
6512	1
6513	2
6514	1
6515	1
6516	3
6519	1
6520	2
6521	1
6523	2
6524	1
6525	7
6527	8
6528	3
6529	1
6531	3
6532	1
6533	2
6536	1
6538	4
6539	1
6541	2
6543	1
6544	2
6546	1
6547	1
6548	1
6550	2
6551	1
6557	1
6558	1
6560	2
6562	1
6563	3
6564	2
6567	1
6571	1
6572	1
6573	1
6574	1
6575	1
6576	1
6582	1
6583	7
6584	8
6585	8
6586	7
6587	7
6588	9
6589	7
6590	10
6591	8
6592	2
6593	1
6594	1
6596	1
6597	1
6598	1
6604	1
6606	1
6611	1
6617	1
6618	14
6619	11
6620	13
6621	12
6622	3
6623	2
6624	15
6625	22
6626	12
6627	6
6628	3
6629	1
6630	9
6631	4
6632	1
6633	3
6634	3
6635	3
6636	4
6637	2
6638	3
6639	3
6640	5
6641	4
6642	2
6643	18
6644	3
6645	3
6646	2
6647	1
6648	3
6649	3
6650	3
6651	3
6652	2
6653	1
6654	1
6655	1
6656	1
6657	1
6658	1
6659	2
6660	2
6661	2
6662	2
6663	2
6664	1
6665	2
6666	2
6667	1
6668	1
6669	4
6670	2
6671	3
6672	1
6673	1
6674	1
6675	1
6676	1
6677	1
6678	1
6679	4
6680	1
6681	1
6682	1
6683	3
6684	2
6685	4
6686	1
6687	1
6688	1
6689	3
6691	2
6696	2
6697	2
6698	3
6699	1
6700	1
6704	2
6708	1
6710	2
6713	4
6718	1
6720	1
6724	2
6726	1
6728	2
6735	4
6736	2
6741	1
6742	1
6743	1
6744	2
6745	1
6746	1
6747	1
6751	14
6752	20
6753	1
6754	1
6755	1
6756	1
6757	1
6759	1
6760	1
6765	3
6766	1
6770	1
6771	1
6775	1
6779	2
6780	1
6781	1
6785	4
6786	2
6787	2
6788	1
6793	1
6796	1
6797	1
6809	1
6815	1
6816	1
6820	1
6821	1
6823	1
6827	1
6838	1
6839	1
6840	1
6841	1
6842	1
6843	1
6844	1
6845	1
6850	1
6854	3
6856	27
6857	1
6858	1
6859	5
6861	1
6863	1
6868	1
6879	1
6881	1
6896	1
6912	2
6914	1
6920	1
6928	2
6943	1
6965	1
6981	1
6982	1
6985	1
6989	1
7008	1
7026	1
7029	2
7031	1
7046	1
7072	1
7091	1
7102	1
7104	5
7106	1
7122	1
7127	1
7130	2
7144	1
7151	3
7173	3
7178	1
7179	1
7187	12
7188	5
7189	2
7190	3
7191	6
7192	1
7193	2
7194	1
7195	1
7196	1
7197	4
7198	15
7199	12
7200	12
7201	12
7202	7
7203	24
7204	7
7205	10
7206	7
7207	9
7208	8
7209	39
7210	32
7211	8
7213	1
7235	1
7236	1
7237	1
7246	2
7248	2
7249	1
7250	5
7251	1
7252	1
7253	2
7255	1
7256	1
7258	1
7259	1
7260	3
7264	1
7281	1
7291	1
7292	2
7293	15
7294	7
7296	6
7297	4
7298	6
7299	11
7306	1
7307	1
7308	1
7309	1
7310	1
7323	1
7326	1
7342	4
7345	1
7347	1
7359	5
7360	5
7361	6
7362	7
7363	3
7364	3
7365	4
7366	1
7367	3
7368	4
7369	4
7370	6
7371	4
7372	2
7373	1
7374	4
7375	3
7376	9
7377	1
7378	1
7379	1
7380	1
7385	1
7389	1
7404	2
7405	1
7406	4
7407	4
7408	6
7409	8
7410	6
7412	4
7413	7
7414	2
7415	7
7416	1
7418	6
7419	1
7420	2
7422	1
7424	4
7425	6
7428	1
7430	2
7431	2
7432	2
7434	2
7436	2
7437	1
7438	2
7439	1
7440	1
7441	2
7456	1
7462	3
7466	5
7508	4
7509	4
7511	12
7512	2
7513	7
7514	13
7515	13
7516	5
7518	1
7520	1
7521	1
7522	2
7523	2
7524	1
7525	1
7526	1
7527	1
7528	1
7529	1
7530	1
7531	1
7532	7
7534	2
7535	2
7536	2
7537	2
7538	2
7539	2
7540	2
7541	1
7542	1
7543	2
7544	2
7545	2
7546	2
7547	2
7548	2
7549	2
7550	2
7553	1
7562	2
7573	1
7587	1
7590	1
7593	8
7594	3
7595	2
7596	1
7597	1
7601	1
7603	1
7606	2
7607	1
7610	3
7611	2
7632	2
7633	1
7634	1
7635	2
7636	1
7637	2
7638	1
7639	1
7640	2
7641	1
7642	1
7643	2
7644	1
7645	1
7646	1
7647	1
7648	1
7649	1
7650	1
7651	1
7652	1
7653	1
7654	1
7655	1
7656	1
7657	1
7658	1
7659	1
7660	2
7661	1
7662	2
7663	1
7664	1
7665	1
7666	1
7667	1
7668	1
7669	1
7670	1
7671	1
7672	1
7673	1
7674	1
7675	1
7676	1
7677	1
7678	1
7679	2
7680	1
7681	1
7682	1
7683	1
7684	1
7685	1
7686	1
7687	1
7688	1
7689	1
7690	2
7691	1
7692	1
7693	1
7694	1
7695	1
7696	1
7697	1
7698	1
7699	1
7700	1
7701	1
7702	1
7703	1
7704	1
7705	1
7706	1
7707	1
7708	1
7709	1
7710	1
7711	1
7712	1
7713	1
7714	1
7715	1
7716	2
7717	1
7718	1
7719	1
7720	1
7732	1
7747	1
7748	1
7750	1
7751	1
7753	3
7754	1
7756	1
7758	1
7763	2
7765	1
7768	1
7769	1
7770	1
7771	2
7772	1
7773	1
7774	1
7775	1
7776	1
7777	1
7778	1
7779	1
7780	1
7781	1
7782	1
7783	1
7784	1
7785	1
7786	1
7787	1
7788	1
7789	1
7790	1
7792	1
7793	1
7794	1
7795	1
7796	1
7797	1
7798	1
7799	1
7800	1
7801	1
7803	1
7804	1
7805	1
7806	3
7808	1
7809	1
7810	1
7811	1
7813	1
7816	1
7817	1
7818	7
7819	1
7820	1
7823	1
7824	3
7825	14
7826	13
7827	62
7828	55
7829	10
7830	8
7831	8
7834	5
7835	5
7836	12
7843	1
7860	22
7861	19
7863	3
7868	1
7870	1
7873	1
7874	1
7875	1
7876	1
7877	1
7879	1
7881	1
7882	2
7884	1
7886	1
7887	7
7888	6
7889	6
7891	1
7897	5
7898	3
7899	1
7900	1
7901	3
7903	2
7904	4
7905	3
7936	4
7937	4
7938	1
7940	1
7941	4
7953	2
7964	2
7965	2
7966	6
7967	6
7968	5
7969	2
7970	1
7971	1
7972	1
7973	1
7980	2
7981	2
7983	7
7984	1
7985	1
7986	1
7987	1
7988	1
7989	1
7990	2
7992	2
7996	1
8007	6
8008	5
8009	4
8010	4
8011	6
8012	4
8013	2
8014	7
8015	5
8016	1
8018	2
8019	2
8020	1
8021	2
8022	2
8024	2
8025	1
8026	2
8027	1
8028	1
8029	1
8030	1
8031	2
8032	1
8033	1
8034	1
8035	3
8036	2
8037	1
8038	1
8039	1
8040	1
8041	41
8042	39
8043	41
8044	39
8045	44
8046	41
8047	38
8048	40
8049	41
8050	2
8052	2
8053	3
8054	5
8055	1
8056	2
8057	5
8058	1
8059	1
8060	5
8061	3
8062	3
8063	3
8064	2
8065	3
8066	2
8067	1
8068	1
8069	1
8074	2
8080	1
8081	1
8082	1
8083	1
8089	4
8090	4
8091	7
8092	2
8093	4
8094	4
8096	1
8097	1
8098	1
8099	1
8100	1
8101	1
8102	1
8103	1
8104	1
8105	1
8106	1
8107	1
8109	1
8110	1
8114	1
8122	1
8131	4
8132	1
8133	1
8135	1
8139	1
8143	1
8155	7
8171	1
8180	1
8187	2
8198	2
8199	1
8200	1
8202	1
8204	1
8205	1
8218	1
8231	1
8232	1
8233	1
8239	1
8241	1
8242	1
8243	1
8246	1
8247	1
8248	1
8249	1
8260	1
8261	1
8264	2
8265	2
8266	2
8267	1
8268	9
8269	5
8270	3
8271	2
8272	2
8273	1
8281	1
8285	1
8288	1
8289	2
8291	4
8292	2
8294	2
8295	1
8300	1
8302	1
8303	1
8310	1
8311	1
8312	1
8318	2
8322	1
8323	1
8324	3
8325	1
8328	1
8329	1
8330	2
8331	2
8332	1
8333	1
8334	2
8335	1
8336	3
8337	1
8338	1
8339	5
8340	1
8341	5
8342	1
8343	1
8348	1
8349	1
8350	1
8351	1
8352	1
8353	1
8354	1
8357	2
8358	2
8359	2
8362	2
8367	4
8370	1
8372	1
8374	1
8375	1
8377	1
8386	1
8387	1
8388	1
8390	4
8392	1
8397	1
8398	1
8401	1
8402	1
8424	2
8439	1
8447	1
8448	1
8449	1
8474	1
8475	1
8476	1
8477	2
8478	1
8479	1
8483	1
8484	1
8485	1
8486	2
8487	1
8488	2
8489	1
8490	1
8491	1
8492	2
8493	1
8495	1
8496	1
8497	1
8498	1
8499	1
8500	1
8501	1
8502	1
8503	1
8504	1
8505	1
8506	1
8507	1
8508	2
8509	1
8510	1
8512	2
8513	1
8514	1
8515	1
8516	1
8517	3
8521	4
8522	7
8523	6
8524	12
8525	8
8526	8
8527	3
8528	3
8530	8
8532	2
8533	1
8534	2
8535	1
8536	4
8537	1
8539	3
8545	1
8550	5
8551	2
8553	1
8555	1
8556	2
8557	3
8558	1
8559	1
8563	1
8565	1
8568	2
8569	2
8570	1
8589	1
8591	2
8598	2
8601	3
8604	2
8606	1
8641	2
8645	1
8653	1
8658	1
8660	3
8665	1
8669	4
8670	1
8678	2
8679	2
8680	1
8681	1
8682	1
8683	2
8685	1
8686	1
8687	1
8688	2
8689	2
8690	2
8691	5
8692	3
8693	3
8694	2
8695	1
8711	1
8712	1
8718	2
8720	2
8722	1
8723	3
8724	1
8725	1
8726	3
8727	4
8728	1
8729	1
8730	1
8731	6
8732	7
8733	3
8734	5
8735	3
8736	3
8737	3
8738	21
8739	1
8743	1
8744	1
8745	2
8746	3
8747	1
8748	4
8749	2
8750	2
8751	2
8752	1
8753	2
8754	1
8755	1
8756	1
8757	4
8758	1
8759	1
8760	2
8761	1
8762	1
8763	2
8764	3
8765	7
8766	3
8767	1
8768	2
8769	2
8770	1
8771	2
8772	1
8773	3
8774	7
8775	4
8779	2
8780	3
8791	4
8794	2
8803	2
8806	1
8821	1
8822	3
8834	1
8836	1
8840	1
8844	1
8845	25
8846	4
8847	2
8849	1
8852	4
8854	1
8860	10
8861	1
8862	2
8863	1
8866	2
8873	1
8874	1
8878	2
8887	3
8888	1
8891	2
8892	1
8893	2
8901	1
8902	1
8903	1
8904	1
8905	1
8906	1
8907	1
8908	1
8909	1
8910	1
8911	1
8912	1
8913	1
8914	1
8915	1
8916	1
8917	1
8926	1
8927	1
8928	1
8929	1
8930	1
8939	1
8955	1
8957	3
8958	2
8959	4
8960	9
8963	1
8964	1
8965	1
8966	1
8967	1
8968	1
8969	1
8991	2
9007	1
9011	4
9018	1
9019	1
9020	1
9021	1
9023	1
9024	1
9025	1
9026	1
9027	3
9028	2
9029	4
9030	1
9031	2
9032	1
9035	2
9047	23
9048	24
9049	16
9051	1
9052	2
9053	3
9054	2
9055	4
9057	1
9063	3
9065	1
9069	1
9071	1
9081	1
9095	2
9097	4
9101	1
9105	1
9108	1
9109	1
9113	2
9175	1
9183	2
9186	2
9187	1
9188	1
9189	1
9202	1
9203	3
9222	2
9234	1
9235	1
9236	1
9237	1
9243	2
9251	1
9253	5
9254	3
9258	1
9260	2
9261	1
9262	1
9265	1
9278	1
9283	2
9288	2
9289	2
9290	6
9291	3
9292	2
9293	4
9295	2
9299	1
9319	1
9326	1
9340	1
9341	1
9348	2
9354	1
9355	1
9358	1
9367	1
9370	1
9378	1
9383	1
9385	1
9389	13
9392	1
9408	11
9414	2
9420	2
9421	1
9428	1
9431	1
9435	1
9436	1
9437	1
9438	6
9444	3
9446	1
9447	9
9448	4
9455	4
9457	1
9458	3
9459	1
9461	1
9468	3
9470	1
9471	1
9472	1
9473	1
9474	2
9475	2
9476	2
9477	1
9478	3
9479	2
9480	1
9481	4
9482	1
9483	1
9484	1
9485	1
9486	1
9487	8
9489	1
9490	4
9502	1
9503	1
9504	1
9507	2
9508	1
9516	1
9517	1
9518	1
9521	1
9523	2
9525	1
9526	1
9530	1
9540	2
9541	1
9542	2
9543	2
9553	1
9554	1
9555	1
9556	1
9558	1
9561	2
9562	1
9564	1
9565	5
9567	1
9571	1
9578	1
9580	1
9582	3
9584	1
9586	1
9587	1
9588	1
9589	1
9590	1
9591	1
9592	3
9593	7
9594	1
9632	2
9633	2
9635	1
9643	1
9647	1
9648	1
9653	1
9656	1
9657	1
9658	2
9659	1
9661	2
9662	1
9663	1
9664	1
9666	1
9667	2
9671	1
9672	1
9673	1
9674	1
9680	1
9688	1
9689	1
9690	1
9691	1
9692	1
9693	1
9694	1
9695	1
9696	2
9697	2
9698	1
9699	2
9708	2
9709	2
9722	2
9733	1
9753	1
9754	3
9755	1
9756	1
9757	1
9758	3
9759	1
9782	2
9783	1
9784	1
9789	1
9808	1
9810	1
9811	1
9812	1
9813	1
9814	1
9815	1
9816	1
9817	1
9821	4
9827	1
9828	1
9829	1
9831	1
9832	1
9833	1
9834	1
9835	1
9836	1
9837	1
9838	1
9839	1
9840	1
9841	1
9842	1
9843	1
9844	1
9845	1
9846	1
9847	1
9848	3
9849	7
9850	7
9851	2
9854	2
9864	3
9865	1
9866	2
9867	1
9869	1
9876	1
9877	1
9879	1
9880	1
9881	1
9882	1
9883	1
9887	1
9903	1
9905	1
9969	1
9970	1
9971	1
9972	1
9993	1
9996	1
9997	1
9998	1
9999	1
10000	1
10001	2
10002	2
10003	2
10004	2
10005	1
10006	1
10007	1
10008	1
10009	1
10010	1
10011	2
10012	2
10013	1
10014	1
10015	1
10016	1
10017	1
10018	1
10019	1
10020	1
10021	1
10022	1
10023	1
10024	1
10025	1
10026	1
10027	1
10029	2
10030	24
10031	8
10032	2
10033	2
10035	2
10036	1
10037	1
10038	1
10039	1
10040	1
10041	1
10042	1
10046	2
10047	3
10048	3
10049	1
10051	1
10053	3
10054	7
10055	3
10056	4
10059	1
10062	1
10063	1
10064	1
10066	1
10067	2
10068	1
10074	2
10080	1
10081	1
10082	1
10084	1
10085	1
10086	1
10087	1
10088	1
10089	2
10094	1
10099	2
10100	1
10105	1
10106	1
10107	1
10108	2
10109	1
10110	1
10111	1
10112	1
10117	1
10118	1
10119	1
10125	1
10126	1
10127	2
10128	1
10129	1
10130	3
10131	4
10132	6
10133	1
10134	1
10135	1
10136	1
10137	1
10138	2
10139	2
10140	4
10141	2
10142	1
10143	3
10144	3
10145	2
10146	2
10147	1
10148	4
10149	3
10150	4
10151	15
10152	10
10155	1
10156	1
10157	1
10158	2
10159	16
10160	21
10161	7
10162	2
10163	1
10164	2
10165	5
10166	1
10167	1
10168	5
10169	4
10170	1
10176	1
10177	1
10187	1
10188	1
10189	1
10190	1
10191	1
10192	1
10193	1
10194	1
10195	1
10196	1
10197	1
10198	1
10199	1
10200	1
10201	1
10202	1
10203	3
10205	3
10206	2
10207	1
10208	1
10209	1
10210	1
10211	1
10212	1
10213	2
10214	3
10215	1
10216	4
10217	4
10218	2
10219	4
10220	1
10221	2
10222	2
10223	1
10224	2
10226	4
10227	1
10228	1
10229	1
10232	1
10233	1
10234	1
10235	1
10236	1
10237	1
10238	1
10240	1
10241	1
10242	1
10244	3
10245	3
10246	3
10247	1
10248	1
10249	1
10250	1
10251	4
10255	1
10256	2
10258	3
10259	2
10260	1
10264	1
10269	1
10291	1
10292	1
10305	1
10318	1
10351	8
10352	1
10353	1
10364	1
10365	1
10366	4
10373	5
10374	4
10375	4
10380	1
10381	1
10394	1
10396	2
10407	1
10408	1
10409	1
10410	1
10411	1
10412	1
10413	3
10414	3
10415	3
10416	3
10417	1
10418	1
10424	2
10426	2
10427	1
10428	1
10437	2
10438	1
10439	2
10440	1
10441	1
10447	1
10456	1
10484	1
10500	2
10522	2
10523	2
10524	1
10525	1
10526	1
10527	3
10528	1
10529	1
10532	2
10533	1
10534	1
10535	1
10536	1
10537	1
10538	1
10539	1
10540	2
10541	1
10542	1
10543	1
10544	1
10545	1
10546	1
10547	1
10548	1
10549	1
10550	1
10551	1
10552	1
10553	1
10554	1
10555	1
10556	1
10557	1
10558	1
10559	1
10560	1
10561	1
10562	1
10563	1
10564	1
10565	1
10566	2
10567	1
10568	1
10569	1
10570	2
10571	1
10572	2
10573	1
10574	1
10575	3
10576	1
10577	4
10578	3
10579	1
10580	1
10581	1
10582	1
10583	1
10584	1
10585	1
10586	3
10587	2
10588	1
10589	1
10590	1
10591	4
10592	1
10593	1
10594	1
10595	1
10596	1
10597	2
10598	1
10599	2
10600	1
10601	2
10602	1
10603	2
10604	1
10605	4
10606	2
10607	1
10608	1
10609	2
10610	4
10611	1
10612	1
10613	1
10614	1
10615	1
10616	2
10617	2
10618	2
10619	2
10620	2
10621	3
10622	3
10623	2
10628	2
10632	1
10636	1
10643	1
10651	1
10652	3
10661	1
10666	1
10674	1
10675	1
10676	2
10678	1
10679	1
10680	1
10681	1
10682	1
10684	1
10685	1
10686	1
10687	1
10688	1
10691	1
10697	1
10698	2
10699	1
10700	2
10701	2
10703	3
10705	1
10712	1
10713	2
10714	2
10715	1
10717	1
10718	1
10719	1
10720	1
10721	1
10722	1
10723	1
10724	1
10726	1
10739	5
10740	5
10741	5
10742	1
10743	1
10744	1
10745	1
10746	1
10747	4
10754	3
10755	3
10756	3
10757	1
10760	1
10764	2
10771	1
10772	1
10773	1
10774	1
10775	2
10776	1
10777	1
10780	2
10781	2
10782	1
10784	23
10785	23
10786	1
10787	1
10788	1
10789	2
10790	1
10793	1
10794	1
10795	1
10796	1
10797	1
10798	4
10800	1
10801	1
10802	1
10803	1
10804	1
10805	1
10806	1
10807	3
10808	4
10809	2
10810	1
10811	1
10814	1
10815	1
10816	1
10823	2
10824	1
10830	1
10831	2
10837	2
10838	1
10839	2
10840	1
10841	1
10842	2
10843	2
10844	2
10845	2
10846	1
10847	1
10848	2
10849	2
10850	1
10851	1
10852	1
10857	1
10858	2
10865	2
10866	2
10867	1
10868	2
10869	1
10870	2
10871	1
10872	1
10873	1
10875	1
10877	1
10878	1
10879	1
10880	1
10881	3
10882	2
10883	1
10884	1
10885	1
10886	1
10887	2
10888	1
10889	1
10890	1
10891	1
10892	1
10893	1
10894	1
10895	1
10896	1
10897	1
10898	1
10901	2
10905	1
10909	2
10910	2
10911	2
10912	2
10913	2
10914	2
10915	1
10916	2
10917	1
10918	1
10919	1
10920	1
10921	1
10922	1
10923	1
10924	1
10925	1
10926	1
10927	1
10928	2
10929	2
10930	2
10931	2
10932	2
10933	2
10934	2
10935	2
10936	1
10937	1
10938	1
10939	1
10940	1
10941	2
10942	2
10943	2
10944	3
10945	3
10946	3
10948	2
10949	1
10950	2
10951	3
10952	1
10953	1
10954	1
10955	2
10956	4
10957	1
10958	1
10959	1
10960	2
10967	1
10968	1
10969	1
10970	1
10971	1
10976	1
10977	5
10978	4
10979	1
10980	1
10981	1
10982	1
10983	1
10984	2
10985	2
10986	2
10988	2
10989	2
10990	1
10993	1
11001	1
11002	1
11003	2
11004	3
11006	2
11007	2
11016	1
11017	1
11022	1
11023	1
11024	1
11025	1
11026	1
11027	1
11028	2
11029	2
11030	1
11031	1
11038	1
11040	1
11041	1
11043	1
11050	1
11051	1
11067	3
11069	1
11070	1
11071	1
11072	1
11073	1
11074	1
11075	1
11076	1
11077	1
11078	1
11079	1
11080	1
11081	1
11082	1
11083	1
11084	1
11085	1
11086	2
11087	2
11088	3
11089	1
11090	1
11091	1
11092	1
11093	1
11094	1
11095	1
11096	1
11097	1
11098	1
11099	1
11101	3
11103	1
11108	1
11121	2
11124	1
11125	1
11126	1
11128	1
11129	1
11130	1
11131	1
11137	1
11138	1
11140	3
11141	1
11142	2
11143	1
11146	1
11147	2
11149	1
11150	1
11151	1
11152	1
11153	1
11154	1
11155	3
11156	2
11157	1
11158	1
11160	2
11175	2
11176	1
11177	1
11178	1
11179	1
11180	2
11181	2
11182	3
11183	1
11185	1
11186	1
11187	1
11188	1
11192	2
11194	2
11195	2
11196	2
11200	1
11204	3
11205	2
11207	1
11211	1
11212	1
11213	1
11214	1
11215	1
11217	17
11218	8
11219	8
11220	18
11221	8
11222	3
11223	11
11224	12
11225	3
11226	1
11227	2
11228	1
11229	2
11230	2
11231	3
11232	2
11233	3
11234	1
11235	1
11236	1
11237	1
11238	1
11239	1
11240	1
11241	1
11242	1
11243	1
11244	2
11245	1
11246	1
11247	1
11248	1
11251	2
11252	3
11253	3
11254	3
11255	1
11256	1
11258	6
11260	2
11261	2
11262	8
11263	8
11264	1
11265	3
11272	1
11294	1
11299	1
11303	1
11304	1
11305	1
11311	1
11313	1
11326	1
11327	1
11328	1
11329	1
11330	1
11331	1
11332	1
11333	1
11334	1
11335	1
11336	1
11337	1
11351	5
11352	5
11353	5
11354	1
11355	1
11356	1
11357	2
11358	12
11381	2
11382	1
11383	1
11384	1
11389	3
11394	1
11395	3
11404	3
11405	2
11406	3
11407	2
11408	2
11409	2
11410	1
11411	8
11413	1
11416	1
11418	2
11419	1
11420	2
11421	2
11422	1
11423	1
11424	2
11425	1
11427	2
11428	1
11429	1
11430	1
11431	2
11433	1
11434	2
11440	2
11441	1
11443	2
11444	1
11447	1
11449	1
11459	3
11460	1
11470	1
11472	1
11473	1
11478	1
11481	1
11487	1
11488	1
11489	1
11511	1
11517	3
11518	1
11519	2
11520	1
11521	1
11522	1
11523	1
11524	1
11525	1
11526	1
11528	1
11529	4
11532	6
11533	3
11538	1
11540	2
11541	2
11580	1
11582	1
11583	6
11584	8
11592	1
11594	3
11598	1
11599	1
11600	1
11601	2
11602	2
11603	2
11604	1
11605	1
11606	1
11607	1
11614	1
11615	1
11616	1
11617	1
11618	1
11619	1
11620	1
11621	1
11622	1
11623	1
11624	1
11625	1
11626	1
11627	1
11629	1
11630	1
11631	2
11632	2
11633	1
11634	1
11635	1
11636	1
11637	1
11638	1
11639	1
11640	1
11641	1
11643	1
11644	4
11645	7
11646	1
11674	1
11688	1
11689	1
11690	1
11691	1
11692	1
11693	1
11694	1
11695	1
11703	2
11704	1
11705	1
11706	1
11707	1
11708	1
11709	1
11710	1
11711	1
11712	1
11716	2
11717	1
11718	1
11720	1
11725	1
11726	1
11731	1
11749	1
11751	3
11752	1
11753	1
11754	1
11755	2
11778	1
11779	1
11780	1
11781	1
11782	1
11783	1
11784	1
11785	1
11787	2
11788	1
11808	1
11809	1
11812	3
11813	3
11816	1
11817	1
11818	3
11819	3
11820	3
11821	3
11822	3
11824	4
11825	4
11826	4
11827	4
11828	4
11829	1
11830	1
11831	1
11832	1
11838	4
11839	1
11841	1
11859	5
11863	1
11866	1
11868	1
11883	1
11891	1
11892	1
11903	1
11904	1
11906	1
11907	1
11912	1
11913	1
11915	1
11927	1
11942	4
11943	2
11944	2
11945	2
11946	2
11947	2
11948	1
11949	1
11950	1
11951	1
11952	1
11953	1
11954	1
11955	1
11956	1
11957	1
11958	1
11959	1
11960	1
11961	1
11962	1
11963	1
11981	1
11984	1
11987	14
11988	5
11989	2
11990	1
11992	2
11996	1
12035	1
12040	4
12042	1
12044	5
12045	4
12047	3
12073	1
12074	1
12075	1
12076	5
12077	3
12086	1
12087	1
12088	1
12089	1
12090	1
12091	1
12092	1
12093	1
12094	1
12095	1
12096	1
12097	1
12098	1
12099	1
12100	1
12101	1
12102	1
12103	1
12104	1
12105	1
12106	1
12107	1
12108	1
12109	1
12110	1
12111	2
12112	2
12114	1
12115	1
12116	1
12118	1
12119	1
12120	1
12121	1
12124	1
12125	1
12126	2
12127	1
12128	1
12129	1
12130	1
12131	1
12133	1
12134	1
12135	1
12153	3
12154	2
12155	2
12156	2
12159	1
12160	1
12161	1
12170	1
12172	1
12182	2
12183	1
12184	1
12185	1
12186	1
12187	1
12188	1
12189	1
12190	1
12191	1
12192	1
12193	1
12194	1
12195	1
12196	1
12197	1
12198	1
12199	1
12200	1
12229	1
12230	2
12234	1
12235	1
12237	1
12238	1
12239	1
12240	1
12241	1
12249	1
12250	1
12251	1
12252	1
12253	1
12254	1
12255	1
12256	1
12257	2
12259	2
12261	1
12264	1
12265	1
12266	1
12272	1
12275	2
12292	1
12293	1
12294	1
12295	1
12296	1
12298	5
12301	1
12302	4
12304	2
12305	3
12307	1
12308	1
12309	6
12311	2
12312	1
12313	1
12314	4
12315	1
12316	3
12317	2
12318	10
12319	10
12320	1
12321	3
12322	2
12323	8
12324	4
12326	2
12327	1
12328	1
12329	5
12330	5
12331	2
12332	1
12333	1
12334	2
12335	2
12336	1
12337	2
12338	1
12339	4
12340	6
12341	1
12342	1
12343	1
12344	2
12345	1
12347	2
12348	3
12349	2
12350	3
12351	2
12352	1
12353	1
12354	1
12355	1
12356	1
12357	2
12358	2
12361	6
12362	5
12363	3
12365	1
12366	3
12367	2
12368	2
12369	1
12370	1
12371	1
12372	1
12373	6
12377	1
12378	1
12379	1
12380	2
12381	1
12382	1
12383	1
12384	1
12385	1
12386	1
12387	1
12388	2
12389	1
12390	1
12391	1
12392	1
12393	1
12394	1
12395	1
12396	1
12397	1
12398	1
12399	1
12400	1
12401	1
12402	1
12403	1
12404	1
12405	2
12406	9
12407	14
12408	1
12409	1
12412	2
12413	1
12414	2
12415	1
12416	4
12420	2
12446	1
12447	4
12448	1
12449	1
12450	1
12451	2
12452	1
12453	1
12454	1
12455	1
12456	4
12457	2
12458	1
12459	1
12460	1
12461	2
12462	2
12463	1
12464	1
12465	1
12466	1
12467	1
12469	1
12470	1
12471	1
12472	1
12473	6
12474	1
12475	1
12476	1
12477	1
12478	3
12479	1
12480	1
12481	1
12482	1
12483	1
12484	1
12485	1
12486	1
12487	1
12488	2
12489	1
12490	3
12491	1
12492	1
12493	1
12494	1
12495	1
12496	3
12497	2
12499	12
12501	1
12502	1
12503	1
12504	1
12505	1
12506	1
12524	5
12525	5
12526	5
12527	1
12528	1
12529	1
12530	1
12531	1
12532	1
12533	1
12536	1
12539	1
12541	1
12550	1
12551	1
12552	2
12553	2
12554	1
12555	2
12556	2
12559	1
12560	7
12561	2
12562	2
12563	4
12564	4
12565	4
12566	4
12567	2
12568	2
12569	3
12570	1
12571	1
12572	1
12573	1
12574	1
12575	2
12577	1
12578	1
12580	1
12581	1
12584	1
12585	1
12586	1
12587	1
12589	1
12590	1
12591	1
12592	1
12593	1
12594	1
12595	2
12596	1
12597	1
12598	1
12599	1
12600	1
12601	1
12602	1
12603	1
12604	1
12605	1
12606	1
12607	1
12608	1
12609	1
12610	1
12611	1
12612	1
12613	1
12614	1
12615	1
12616	1
12617	1
12618	2
12619	2
12620	1
12621	2
12622	2
12623	2
12624	2
12625	2
12626	2
12627	2
12637	1
12638	1
12639	1
12640	1
12641	4
12642	1
12643	1
12645	1
12646	9
12647	5
12648	7
12649	1
12650	1
12651	1
12652	1
12653	2
12654	2
12655	1
12656	1
12657	2
12658	1
12659	3
12660	1
12661	1
12662	1
12663	1
12664	1
12665	1
12666	3
12667	3
12668	3
12669	3
12670	3
12671	7
12672	3
12679	1
12681	1
12683	1
12688	1
12691	3
12732	1
12733	1
12741	1
12742	1
12743	1
12744	1
12745	1
12749	4
12750	2
12751	2
12753	4
12754	4
12755	8
12756	4
12757	5
12758	4
12761	1
12762	2
12763	1
12765	1
12766	1
12767	2
12768	1
12769	1
12770	1
12771	1
12772	1
12773	1
12774	1
12775	1
12776	1
12777	1
12778	1
12779	1
12780	1
12781	1
12782	1
12783	1
12784	1
12785	3
12786	1
12787	1
12788	1
12789	1
12790	1
12791	1
12792	1
12793	3
12794	2
12795	2
12796	1
12797	1
12798	1
12799	6
12800	3
12801	1
12802	1
12803	1
12804	1
12805	3
12806	1
12807	2
12811	1
12812	4
12813	1
12814	1
12815	1
12816	1
12817	1
12818	1
12819	1
12820	1
12821	1
12822	1
12823	3
12824	2
12825	1
12826	1
12827	1
12828	1
12829	1
12830	1
12831	1
12832	1
12833	1
12834	1
12835	1
12836	2
12837	1
12838	1
12839	1
12840	1
12841	1
12842	1
12843	1
12844	1
12845	2
12846	1
12847	1
12848	1
12849	1
12850	1
12851	1
12852	1
12853	1
12854	1
12855	1
12856	1
12857	1
12858	1
12859	1
12860	1
12861	1
12862	1
12863	1
12864	1
12865	1
12866	1
12867	1
12868	1
12869	1
12870	1
12871	1
12872	1
12873	1
12874	1
12875	3
12876	3
12877	3
12878	2
12879	2
12880	2
12881	4
12882	3
12883	3
12884	1
12885	1
12886	4
12887	1
12888	1
12889	1
12890	2
12891	2
12892	2
12893	2
12896	2
12897	1
12900	1
12929	1
12930	1
12937	1
12946	1
12947	1
12948	1
12958	4
12959	4
12960	1
12962	1
12963	1
12964	6
12965	1
12966	1
12967	2
12968	3
12972	3
12973	2
12975	2
12981	1
13010	1
13014	2
13015	1
13016	1
13017	1
13018	1
13019	1
13020	1
13024	1
13025	3
13027	3
13029	1
13030	1
13032	1
13034	5
13035	1
13037	1
13038	1
13039	1
13040	1
13041	1
13042	1
13054	1
13055	1
13056	1
13057	1
13060	1
13061	2
13062	1
13064	2
13065	3
13066	1
13067	1
13068	1
13070	1
13071	1
13072	3
13073	1
13080	2
13081	1
13082	1
13083	2
13084	1
13085	3
13088	1
13098	1
13105	1
13113	1
13114	2
13126	3
13129	1
13130	1
13131	1
13132	1
13133	1
13134	1
13135	1
13136	1
13137	1
13151	1
13171	2
13174	1
13175	1
13176	1
13209	1
13222	1
13233	1
13234	1
13237	1
13238	1
13239	2
13240	9
13241	14
13242	13
13245	1
13247	1
13248	1
13249	1
13250	1
13251	1
13258	1
13259	1
13260	1
13262	1
13265	1
13273	2
13279	1
13280	1
13284	3
13285	3
13286	3
13287	3
13288	1
13289	2
13293	3
13294	1
13296	9
13298	2
13299	5
13301	2
13302	3
13303	2
13304	2
13305	3
13308	1
13309	1
13312	1
13313	1
13315	1
13316	1
13317	1
13327	1
13328	1
13329	1
13333	1
13335	1
13336	1
13337	1
13338	1
13339	1
13340	1
13341	1
13342	1
13343	1
13344	1
13345	1
13346	1
13347	1
13348	1
13349	1
13350	1
13351	1
13352	1
13353	1
13354	1
13355	1
13356	3
13358	1
13359	1
13360	1
13366	2
13367	2
13368	2
13369	2
13370	1
13373	3
13375	29
13376	28
13377	25
13378	1
13379	1
13380	1
13381	1
13384	1
13402	1
13403	1
13407	1
13408	1
13409	2
13411	1
13412	2
13413	1
13414	1
13415	1
13416	2
13417	1
13420	1
13421	2
13422	1
13423	1
13424	1
13425	1
13426	1
13427	3
13428	1
13429	1
13430	1
13431	1
13434	1
13436	1
13443	1
13444	1
13447	1
13448	1
13449	2
13450	2
13451	1
13452	1
13454	1
13455	1
13456	1
13457	1
13458	1
13459	1
13460	1
13463	1
13464	1
13472	1
13473	1
13479	1
13480	1
13481	1
13482	1
13483	1
13484	1
13485	1
13486	1
13487	1
13488	1
13489	1
13490	1
13491	1
13493	1
13494	1
13495	1
13497	2
13498	2
13499	1
13500	1
13501	2
13502	2
13503	2
13504	5
13505	2
13506	2
13507	2
13508	2
13509	4
13510	2
13511	1
13512	2
13513	2
13514	1
13515	1
13516	1
13517	2
13519	3
13522	1
13523	3
13524	6
13525	2
13527	1
13529	1
13532	1
13533	1
13534	2
13535	1
13536	2
13537	2
13540	1
13541	1
13542	1
13543	1
13544	1
13545	1
13566	1
13567	3
13568	2
13575	3
13576	3
13577	1
13578	6
13581	1
13582	1
13583	1
13584	2
13585	1
13586	1
13587	2
13588	2
13589	2
13590	1
13591	1
13592	1
13593	1
13596	3
13598	1
13599	1
13600	1
13601	1
13602	1
13603	1
13604	1
13605	1
13606	1
13607	1
13609	2
13616	1
13618	1
13621	1
13622	1
13623	1
13624	1
13625	1
13627	1
13632	1
13644	3
13645	1
13646	2
13647	1
13648	2
13649	1
13667	1
13675	1
13676	1
13677	1
13699	1
13700	1
13708	4
13709	2
13710	1
13711	2
13712	2
13713	1
13719	1
13728	5
13729	1
13730	1
13731	1
13732	1
13733	1
13734	1
13735	1
13736	1
13737	1
13738	1
13739	1
13740	2
13741	2
13742	2
13743	2
13744	1
13745	1
13746	1
13747	1
13748	2
13749	1
13752	1
13755	6
13756	2
13757	1
13758	1
13759	2
13760	1
13761	1
13762	2
13763	1
13764	1
13765	2
13766	1
13767	3
13768	1
13769	1
13771	1
13773	2
13774	1
13775	1
13776	1
13777	1
13778	1
13779	1
13780	1
13781	1
13784	1
13786	1
13787	1
13788	6
13789	1
13790	1
13791	1
13792	1
13793	1
13797	3
13798	3
13799	3
13800	1
13802	1
13803	1
13804	1
13805	1
13806	3
13807	1
13809	1
13810	6
13811	4
13812	4
13813	1
13815	1
13816	1
13820	1
13821	2
13822	2
13823	2
13829	2
13830	2
13831	4
13832	2
13833	1
13834	1
13835	1
13836	1
13837	1
13838	1
13839	1
13840	1
13841	1
13842	1
13843	1
13844	1
13845	2
13846	1
13847	1
13848	1
13849	1
13850	1
13851	1
13852	1
13853	2
13855	4
13857	1
13863	1
13867	1
13868	1
13873	1
13874	1
13875	1
13876	1
13877	1
13879	1
13882	2
13883	2
13884	1
13885	7
13889	1
13890	1
13891	1
13892	1
13893	1
13894	1
13895	1
13896	1
13897	1
13899	1
13901	1
13908	1
13909	1
13910	1
13912	1
13913	1
13914	1
13915	1
13916	2
13917	1
13919	1
13920	1
13921	1
13922	1
13923	1
13924	2
13925	1
13927	1
13937	2
13938	2
13939	1
13940	1
13941	1
13942	2
13946	1
13950	1
13951	7
13952	7
13953	9
13954	6
13960	1
13961	1
13962	1
13963	1
13967	1
13968	1
13969	1
13970	1
13971	1
13972	1
13973	1
13974	1
13975	1
13976	1
13977	1
13978	1
13980	7
13984	1
13985	1
13987	1
13988	1
13989	1
13990	2
13991	1
13993	1
13994	1
13995	1
13996	1
13997	3
13998	3
13999	1
14000	1
14001	1
14002	1
14003	1
14004	2
14005	1
14006	1
14007	1
14008	1
14009	1
14010	1
14011	1
14012	1
14013	1
14014	1
14015	1
14016	1
14017	1
14018	1
14019	1
14020	1
14021	5
14022	1
14023	1
14024	1
14025	1
14026	1
14027	1
14028	4
14029	4
14030	1
14034	1
14035	1
14036	1
14037	1
14038	1
14043	1
14044	1
14046	1
14048	4
14049	1
14066	1
14067	3
14073	5
14074	4
14075	4
14076	2
14077	1
14078	2
14080	2
14081	2
14082	2
14083	2
14084	2
14085	14
14132	1
14134	1
14138	2
14139	1
14141	1
14142	1
14143	1
14144	1
14145	1
14146	1
14147	1
14148	1
14149	1
14150	1
14151	1
14152	2
14153	1
14154	1
14155	3
14156	2
14157	1
14158	3
14159	5
14163	2
14164	1
14168	1
14169	1
14170	2
14171	1
14172	1
14173	1
14174	1
14180	1
14184	1
14187	3
14188	4
14190	1
14192	1
14193	1
14194	1
14195	1
14196	1
14197	1
14198	2
14199	1
14200	1
14201	1
14202	1
14203	1
14204	1
14205	3
14206	1
14207	3
14208	1
14210	1
14211	1
14215	1
14216	4
14217	2
14242	1
14250	2
14252	2
14257	3
14259	1
14260	5
14263	2
14264	1
14265	1
14266	1
14267	2
14268	3
14272	8
14273	1
14274	1
14275	1
14283	1
14284	5
14285	4
14286	1
14288	1
14289	1
14290	6
14291	1
14292	1
14293	1
14294	2
14295	1
14296	1
14297	2
14298	2
14299	1
14300	1
14301	1
14302	1
14303	1
14304	1
14305	1
14306	1
14307	1
14308	1
14309	1
14310	1
14311	1
14312	1
14313	1
14314	1
14315	1
14316	1
14317	2
14318	1
14319	1
14320	1
14321	1
14322	1
14323	2
14324	2
14325	2
14326	2
14327	2
14328	2
14329	1
14332	1
14333	2
14334	1
14338	3
14341	1
14342	1
14349	1
14360	1
14361	1
14365	1
14376	1
14377	1
14378	1
14379	3
14380	1
14381	1
14385	1
14386	1
14387	2
14396	2
14397	1
14398	1
14399	1
14400	1
14401	1
14402	1
14403	1
14404	2
14405	1
14406	1
14407	1
14408	1
14409	1
14410	1
14411	1
14412	1
14413	1
14416	2
14423	1
14424	1
14431	1
14432	1
14434	1
14439	1
14442	1
14443	1
14446	2
14447	2
14448	2
14449	4
14451	2
14452	3
14454	13
14455	14
14456	2
14457	2
14458	1
14459	2
14460	1
14461	1
14462	2
14463	1
14464	1
14465	2
14466	2
14467	2
14468	3
14469	2
14470	2
14471	3
14472	3
14473	1
14474	1
14475	1
14478	1
14479	1
14484	1
14485	1
14486	1
14487	1
14488	1
14489	1
14490	1
14491	1
14492	1
14493	1
14494	1
14495	1
14496	1
14497	2
14498	1
14499	1
14500	1
14501	1
14502	1
14503	1
14504	1
14505	1
14506	1
14508	1
14509	1
14510	1
14512	1
14513	1
14514	1
14515	1
14516	1
14517	1
14519	2
14520	1
14521	1
14522	2
14523	2
14524	2
14525	2
14526	2
14527	2
14528	2
14529	1
14530	2
14531	1
14532	1
14533	1
14534	3
14535	1
14536	1
14537	1
14538	1
14539	1
14541	2
14543	3
14544	1
14545	1
14546	1
14547	1
14548	1
14549	1
14550	1
14551	1
14552	1
14553	1
14554	1
14555	1
14556	1
14557	1
14558	1
14559	1
14560	1
14561	1
14562	1
14563	1
14564	1
14565	1
14566	1
14567	1
14568	1
14569	1
14570	1
14571	1
14572	1
14573	1
14574	1
14575	1
14578	6
14579	6
14580	6
14581	6
14582	3
14583	2
14584	2
14585	2
14592	2
14593	1
14595	1
14596	1
14597	1
14598	1
14605	1
14606	1
14609	1
14610	1
14615	1
14616	1
14617	1
14618	1
14619	1
14620	1
14621	6
14622	1
14624	10
14625	4
14626	1
14627	1
14628	1
14629	1
14630	1
14631	1
14632	1
14633	1
14634	2
14636	2
14641	2
14642	2
14649	1
14650	2
14651	2
14652	1
14653	1
14654	1
14655	1
14656	1
14674	8
14675	2
14676	1
14677	3
14681	4
14682	3
14685	1
14686	1
14688	1
14698	1
14699	1
14702	1
14704	1
14706	1
14710	1
14721	5
14727	2
14730	1
14731	3
14733	1
14734	1
14735	2
14736	2
14737	1
14738	1
14739	2
14746	2
14747	2
14748	2
14749	2
14750	2
14751	2
14752	1
14753	1
14754	2
14755	3
14756	4
14757	1
14758	1
14759	1
14760	1
14840	1
14937	1
14938	2
14939	1
14940	1
14941	1
14949	1
14952	1
14953	1
14954	1
14955	1
14956	1
14957	1
14958	2
14959	1
14962	1
14966	2
14970	1
14974	1
14977	1
14978	1
14979	1
14980	1
14981	1
14982	1
14983	1
14985	1
14986	1
14987	1
14988	1
14989	1
14990	2
14992	1
15008	1
15009	1
15010	2
15011	1
15012	1
15013	5
15015	5
15016	2
15017	2
15018	2
15019	2
15020	2
15022	3
15023	2
15024	5
15036	5
15037	5
15038	2
15039	2
15040	5
15041	7
15042	1
15043	1
15044	1
15045	1
15046	1
15047	1
15052	2
15053	1
15054	1
15058	1
15059	1
15060	1
15061	1
15062	1
15063	1
15064	1
15065	1
15066	1
15067	1
15078	1
15079	1
15086	1
15095	1
15096	1
15125	1
15126	1
15129	1
15133	1
15143	1
15144	1
15146	1
15156	1
15159	1
15162	1
15164	1
15167	1
15170	1
15173	1
15174	1
15184	1
15187	1
15188	1
15225	1
15226	2
15227	2
15228	1
15229	1
15230	3
15231	3
15232	2
15233	2
15234	2
15241	1
15253	1
15282	1
15290	1
15291	2
15292	1
15293	1
15294	1
15295	1
15296	1
15297	1
15303	1
15304	1
15305	2
15306	2
15307	1
15308	1
15309	1
15310	1
15316	1
15343	1
15344	1
15345	1
15346	1
15347	1
15348	1
15349	1
15350	1
15351	1
15352	1
15353	1
15354	1
15357	1
15358	1
15359	1
15360	1
15361	1
15362	1
15363	1
15364	1
15365	1
15366	1
15371	4
15372	2
15373	1
15374	1
15375	1
15376	1
15377	1
15379	2
15397	1
15398	1
15399	1
15400	1
15401	1
15402	1
15403	1
15404	1
15405	1
15406	1
15408	1
15409	1
15410	1
15411	1
15412	1
15413	2
15414	1
15420	1
15422	3
15423	1
15428	1
15464	2
15466	2
15467	2
15473	1
15474	1
15475	1
15476	1
15477	1
15478	1
15479	1
15480	1
15481	1
15482	1
15483	1
15484	1
15485	1
15486	1
15487	1
15488	1
15490	1
15491	1
15492	1
15493	1
15494	5
15495	1
15496	1
15497	1
15506	1
15516	1
15517	1
15518	1
15519	2
15528	1
15541	1
15542	1
15543	1
15544	1
15551	2
15552	2
15553	2
15554	2
15555	2
15556	1
15557	1
15558	1
15576	2
15577	2
15578	2
15579	2
15580	2
15581	2
15582	2
15583	2
15584	1
15585	1
15586	1
15587	1
15588	1
15589	3
15592	1
15593	1
15598	1
15599	1
15600	1
15604	1
15605	1
15607	1
15610	1
15612	1
15613	2
15614	1
15615	1
15616	1
15617	1
15618	2
15619	1
15620	1
15621	1
15622	1
15623	1
15624	1
15625	1
15626	1
15627	1
15628	2
15633	5
15634	5
15635	5
15637	1
15639	1
15641	1
15642	1
15643	1
15652	1
15653	1
15654	1
15655	1
15656	1
15661	1
15662	1
15663	1
15664	1
15665	1
15666	1
15667	1
15668	1
15669	1
15670	2
15671	2
15672	2
15673	2
15680	3
15681	1
15717	1
15718	1
15719	1
15728	2
15729	1
15730	1
15734	1
15739	2
15740	1
15741	2
15742	2
15744	1
15745	1
15746	1
15747	1
15748	1
15750	2
15751	2
15752	2
15754	2
15755	2
15756	2
15759	3
15760	2
15761	2
15762	3
15763	2
15764	2
15765	3
15770	1
15771	1
15772	1
15777	1
15778	8
15779	6
15780	1
15783	1
15784	1
15785	1
15786	1
15787	1
15788	3
15789	1
15792	2
15793	2
15795	1
15797	1
15799	1
15803	1
15811	1
15812	1
15813	1
15815	1
15816	1
15820	1
15821	1
15822	1
15823	1
15839	1
15840	3
15842	1
15843	1
15844	1
15845	1
15846	1
15847	1
15848	1
15849	6
15850	1
15853	1
15854	1
15855	1
15856	2
15859	1
15860	1
15861	1
15862	2
15863	1
15864	1
15866	1
15867	1
15868	1
15876	1
15877	1
15885	1
15886	2
15888	1
15889	1
15890	2
15891	2
15892	1
15893	3
15894	1
15895	1
15896	1
15897	1
15898	1
15899	1
15907	1
15909	5
15910	1
15912	1
15913	1
15916	6
15918	4
15919	3
15920	2
15921	1
15922	2
15923	1
15926	1
15927	1
15928	1
15929	1
15935	1
15968	1
15969	1
15970	1
15971	1
15972	1
15978	1
15979	2
15981	1
15982	1
15983	1
15985	1
15986	1
15987	1
15996	1
16011	2
16012	1
16013	1
16014	1
16015	1
16016	1
16017	1
16018	1
16019	1
16020	1
16021	1
16022	2
16023	2
16024	2
16025	2
16026	2
16027	2
16028	2
16035	2
16037	2
16039	1
16041	1
16042	1
16043	1
16044	1
16045	1
16046	1
16047	1
16048	1
16049	2
16050	2
16051	1
16054	1
16055	1
16056	6
16057	1
16058	1
16059	2
16060	10
16061	5
16062	3
16063	4
16064	2
16065	3
16066	2
16072	1
16082	1
16083	1
16084	1
16085	1
16086	1
16119	1
16120	1
16121	1
16122	1
16123	1
16124	1
16125	1
16126	1
16127	1
16128	1
16129	1
16130	1
16131	1
16132	1
16133	1
16134	1
16144	1
16146	1
16147	1
16148	1
16149	1
16150	1
16153	1
16163	1
16164	1
16165	1
16166	1
16171	2
16172	17
16173	1
16174	1
16175	3
16176	2
16177	2
16178	2
16179	2
16180	1
16181	1
16182	1
16184	4
16185	1
16186	1
16189	1
16190	3
16194	6
16195	7
16196	6
16197	10
16198	6
16199	1
16200	1
16201	1
16202	1
16204	1
16205	1
16206	1
16207	1
16221	1
16222	1
16223	1
16224	1
16225	1
16226	1
16240	1
16241	1
16242	4
16243	4
16244	4
16245	4
16246	4
16249	4
16254	1
16255	1
16256	1
16257	1
16258	1
16259	1
16260	1
16299	1
16303	2
16304	2
16305	7
16306	7
16311	1
16319	1
16320	1
16328	1
16329	1
16330	1
16332	4
16333	5
16334	1
16336	3
16337	1
16338	3
16339	1
16340	1
16341	6
16342	20
16343	8
16344	1
16350	1
16351	2
16359	2
16360	1
16363	3
16366	6
16367	2
16368	1
16369	1
16370	7
16371	1
16378	1
16382	1
16383	1
16384	1
16385	1
16386	1
16387	1
16388	1
16389	1
16390	1
16391	1
16418	1
16419	1
16421	2
16422	2
16423	2
16424	1
16425	1
16426	1
16427	1
16428	1
16429	1
16430	1
16431	1
16432	1
16433	1
16434	1
16435	2
16436	2
16437	1
16438	3
16440	1
16444	1
16445	1
16446	1
16447	1
16450	1
16451	1
16507	2
16510	2
16513	1
16514	1
16515	1
16593	1
16595	3
16596	2
16597	3
16598	2
16617	1
16618	1
16620	3
16621	4
16622	2
16628	1
16629	1
16630	1
16651	1
16669	2
16672	1
16673	1
16674	1
16675	1
16676	1
16677	1
16678	3
16679	4
16680	1
16681	2
16682	3
16683	2
16684	3
16685	3
16686	4
16687	3
16688	1
16689	2
16690	2
16691	2
16712	1
16713	1
16783	1
16784	1
16785	1
16786	1
16787	1
16790	2
16791	2
16792	4
16793	4
16794	1
16795	1
16796	2
16797	4
16798	4
16799	1
16816	3
16817	7
16818	2
16819	1
16820	2
16821	2
16822	2
16823	1
16834	1
16836	1
16837	1
16838	2
16839	1
16840	1
16841	1
16842	1
16843	1
16844	1
16845	1
16846	1
16848	3
16849	1
16850	1
16855	2
16856	1
16857	11
16858	7
16859	5
16860	2
16865	2
16866	2
16867	1
16871	2
16873	1
16874	1
16875	1
16876	1
16877	1
16878	1
16879	1
16880	1
16881	2
16882	1
16901	3
16902	1
16903	1
16904	1
16905	1
16906	1
16907	1
16915	1
16916	1
16917	1
16918	1
16919	1
16920	1
16921	1
16931	2
16936	1
16937	1
16938	1
16939	1
16942	1
16943	2
16950	1
16951	1
16952	1
16953	1
16954	1
16955	1
16956	1
16957	1
16958	1
16959	1
16960	1
16961	1
16962	1
16963	1
16968	1
16969	1
17048	2
17049	2
17060	1
17061	1
17062	1
17063	1
17065	3
17066	2
17067	3
17069	4
17072	1
17073	1
17074	1
17076	1
17084	1
17100	2
17101	1
17103	2
17104	1
17105	1
17106	1
17107	1
17108	2
17193	1
17195	1
17202	1
17203	1
17204	1
17205	1
17206	1
17207	1
17208	1
17209	1
17210	1
17212	1
17213	1
17214	1
17215	1
17216	2
17217	4
17218	1
17219	1
17220	1
17221	1
17222	1
17223	1
17224	1
17225	1
17226	1
17227	1
17228	1
17229	1
17230	1
17231	1
17232	1
17234	1
17235	1
17236	1
17237	1
17238	1
17239	1
17240	1
17241	1
17242	1
17243	1
17244	1
17245	1
17246	1
17252	1
17284	1
17311	1
17312	1
17313	1
17314	1
17315	1
17316	1
17317	1
17318	1
17319	1
17320	1
17321	1
17322	1
17323	1
17324	1
17325	1
17326	1
17327	1
17328	1
17329	1
17330	1
17331	1
17332	11
17333	9
17334	6
17360	2
17363	1
17364	1
17383	2
17386	17
17387	1
17388	17
17390	1
17391	1
17398	2
17399	2
17442	1
17445	9
17446	9
17447	15
17448	14
17449	15
17450	3
17453	1
17454	13
17457	5
17460	1
17461	1
17462	2
17463	1
17464	2
17465	2
17466	2
17467	2
17468	1
17475	1
17486	1
17489	1
17490	1
17491	2
17497	2
17512	1
17532	1
17536	1
17589	1
17605	1
17608	1
17614	1
17630	1
17631	1
17632	1
17633	1
17634	1
17635	1
17636	1
17637	1
17638	1
17643	1
17644	1
17645	1
17646	1
17647	1
17648	1
17649	1
17650	1
17651	1
17652	1
17683	6
17685	2
17687	4
17689	7
17690	5
17691	3
17692	1
17693	4
17694	2
17695	2
17696	1
17697	1
17698	1
17699	1
17700	1
17701	1
17702	1
17703	1
17704	2
17705	2
17706	1
17709	4
17712	3
17716	2
17717	2
17718	6
17720	3
17722	3
17723	3
17724	1
17725	1
17726	1
17738	1
17741	3
17742	1
17743	1
17744	1
17751	4
17753	4
17754	1
17761	2
17764	1
17765	1
17774	1
17775	1
17794	1
17800	1
17818	1
17819	1
17825	1
17826	1
17827	1
17828	1
17829	2
17830	1
17832	1
17834	1
17836	2
17837	1
17838	1
17839	2
17841	1
17842	1
17845	1
17846	1
17847	1
17848	2
17850	1
17851	1
17862	1
17863	1
17864	1
17865	3
17877	1
17879	1
17888	1
17889	1
17890	1
17898	1
17899	1
17900	2
17901	2
17902	2
17903	1
17904	1
17911	1
17912	1
17913	1
17917	1
17918	1
17919	1
17920	1
17939	1
17942	1
17947	1
17950	1
17961	1
17962	1
17969	1
17971	1
17982	1
17984	1
17989	5
17991	1
17993	1
17994	1
17995	1
17996	1
18009	1
18010	1
18011	1
18012	1
18013	1
18014	1
18018	1
18019	1
18020	2
18021	2
18022	2
18026	1
18028	1
18029	1
18030	1
18050	11
18051	3
18052	8
18062	1
18067	2
18068	2
18069	2
18072	3
18073	3
18074	2
18075	2
18076	2
18077	2
18081	2
18082	2
18083	2
18086	2
18087	2
18088	2
18093	2
18094	2
18095	2
18097	1
18102	1
18103	1
18104	2
18106	1
18107	1
18112	1
18113	1
18118	4
18119	2
18120	2
18121	3
18122	2
18123	2
18124	3
18125	3
18126	3
18127	3
18128	2
18129	1
18130	1
18131	1
18133	1
18134	1
18135	1
18136	1
18137	1
18138	2
18139	1
18143	1
18144	1
18145	1
18146	1
18147	1
18148	1
18149	1
18150	1
18151	1
18152	3
18153	1
18154	3
18191	1
18196	1
18199	1
18201	1
18202	1
18209	2
18210	2
18211	2
18213	1
18216	1
18217	1
18223	1
18224	1
18225	1
18226	1
18227	2
18230	1
18231	1
18232	1
18233	1
18240	2
18242	1
18243	1
18245	6
18246	2
18248	1
18249	1
18251	2
18252	2
18254	2
18255	2
18256	1
18257	2
18275	1
18276	1
18277	1
18278	1
18279	1
18280	1
18281	1
18283	5
18284	3
18285	1
18286	1
18288	1
18289	1
18290	1
18291	1
18292	1
18293	2
18309	1
18310	1
18311	1
18315	1
18316	1
18317	1
18318	1
18319	1
18321	1
18322	1
18323	1
18324	1
18326	1
18333	1
18334	1
18335	1
18336	1
18337	1
18338	1
18339	1
18341	1
18344	2
18345	2
18346	2
18347	2
18348	2
18349	2
18350	2
18351	2
18352	2
18353	2
18354	2
18355	1
18356	1
18357	1
18358	1
18359	1
18360	1
18361	1
18362	1
18363	1
18364	4
18365	4
18366	6
18368	1
18369	1
18370	1
18371	1
18372	1
18382	1
18383	1
18384	1
18385	1
18386	1
18387	1
18388	1
18389	1
18391	1
18424	1
18426	1
18429	1
18430	1
18431	1
18435	1
18436	2
18437	2
18438	2
18439	1
18440	1
18441	2
18442	1
18443	1
18444	1
18445	1
18447	3
18453	2
18461	2
18462	1
18463	2
18464	1
18465	1
18466	1
18467	1
18468	1
18471	1
18472	8
18473	2
18474	1
18482	1
18484	1
18487	1
18489	1
18491	1
18493	1
18494	1
18496	8
18497	9
18498	2
18499	1
18529	2
18532	2
18533	2
18534	1
18541	1
18550	1
18551	1
18556	2
18557	2
18558	2
18559	2
18560	2
18562	1
18563	1
18564	1
18565	1
18566	1
18568	1
18569	1
18572	1
18575	1
18582	1
18583	1
18589	2
18590	2
18591	2
18592	4
18593	1
18594	1
18602	1
18603	1
18604	1
18605	1
18607	1
18608	1
18609	1
18610	1
18611	1
18612	1
18625	1
18644	2
18645	1
18649	5
18660	1
18661	1
18662	1
18669	1
18671	2
18675	1
18676	1
18677	1
18679	1
18680	1
18681	1
18682	1
18687	1
18689	1
18690	1
18693	2
18694	1
18695	2
18696	1
18697	1
18698	1
18699	1
18766	1
18767	1
18768	1
18775	1
18780	1
18781	1
18782	1
18790	1
18791	1
18793	1
18794	1
18795	1
18800	1
18804	1
18805	1
18806	1
18819	1
18824	1
18825	1
18826	1
18834	1
18835	1
18836	1
18851	1
18852	1
18853	1
18856	2
18857	4
18858	1
18859	5
18860	5
18861	2
18866	3
18874	1
18875	1
18876	1
18879	1
18880	2
18881	1
18882	1
18896	1
18897	1
18911	1
18912	1
18913	1
18933	4
18940	1
18941	1
18952	11
18953	1
18966	3
18972	1
18973	1
18974	1
18976	1
18978	3
18981	1
18982	1
18983	1
18985	2
18986	1
18987	1
19002	1
19003	1
19004	1
19005	1
19006	1
19007	3
19008	1
19010	1
19011	1
19021	5
19028	3
19029	3
19030	2
19054	1
19064	1
19065	3
19073	1
19077	2
19078	2
19079	4
19080	4
19081	1
19082	1
19083	2
19084	2
19095	1
19096	1
19098	1
19100	1
19101	1
19113	1
19177	1
19180	1
19185	1
19186	1
19187	1
19188	1
19189	1
19190	1
19191	1
19200	1
19203	1
19204	1
19205	1
19209	1
19210	1
19211	1
19212	1
19213	1
19215	1
19216	1
19217	1
19221	1
19222	1
19226	2
19227	2
19228	2
19229	2
19230	2
19236	1
19238	1
19239	1
19240	1
19241	2
19243	2
19244	2
19246	1
19266	1
19267	1
19268	3
19269	2
19280	2
19281	3
19282	2
19285	1
19286	1
19302	1
19309	1
19310	1
19312	4
19319	1
19340	1
19341	1
19349	1
19350	1
19353	1
19355	1
19356	1
19357	1
19363	1
19366	1
19367	1
19368	1
19383	1
19412	3
19464	1
19475	1
19476	1
19477	9
19479	1
19497	1
19506	1
19507	1
19508	1
19509	1
19514	1
19515	1
19516	1
19517	1
19518	1
19520	1
19521	1
19523	7
19524	6
19528	1
19546	1
19547	1
19548	1
19549	1
19550	1
19551	1
19553	1
19558	1
19559	1
19560	1
19561	1
19562	1
19563	1
19569	1
19572	1
19588	1
19598	1
19599	1
19604	1
19605	1
19608	1
19609	1
19610	1
19611	1
19613	1
19614	1
19615	1
19616	1
19617	1
19618	1
19620	1
19621	1
19622	1
19624	1
19626	1
19627	1
19631	2
19632	1
19633	1
19634	1
19641	1
19642	1
19644	2
19645	2
19653	1
19660	1
19661	1
19662	58
19663	50
19664	1
19665	1
19666	1
19667	1
19668	2
19670	1
19690	1
19691	1
19692	1
19695	1
19696	1
19697	1
19700	1
19704	1
19708	1
19709	3
19710	1
19712	1
19717	1
19718	1
19719	4
19720	4
19721	1
19722	1
19729	2
19730	1
19738	1
19742	1
19743	3
19744	1
19745	1
19746	1
19748	1
19762	1
19763	1
19765	1
19766	2
19767	2
19768	2
19769	2
19770	1
19771	1
19772	1
19773	1
19774	1
19785	1
19786	2
19787	1
19793	1
19794	1
19795	1
19800	1
19801	2
19805	1
19806	1
19807	1
19813	1
19815	1
19816	1
19818	1
19819	1
19820	1
19821	1
19822	1
19823	1
19826	1
19831	1
19833	1
19836	1
19837	1
19838	1
19839	1
19840	1
19841	1
19842	1
19843	1
19844	1
19845	1
19846	1
19848	1
19849	1
19850	1
19856	1
19860	1
19862	4
19863	1
19882	1
19891	1
19892	1
19893	1
19901	2
19956	1
19961	1
19962	1
19964	1
19965	1
19970	3
19971	1
19972	1
19973	1
19975	1
19976	1
19980	1
19981	1
19982	1
20008	2
20009	2
20010	1
20012	2
20013	3
20014	2
20015	1
20016	3
20017	2
20018	2
20019	1
20020	2
20021	1
20023	1
20024	1
20033	1
20034	1
20035	1
20036	1
20039	1
20086	1
20087	1
20088	1
20089	1
20090	1
20094	1
20104	1
20105	1
20106	1
20108	2
20112	1
20113	1
20114	1
20118	3
20158	1
20169	1
20170	1
20171	1
20172	1
20199	1
20200	1
20210	1
20211	1
20214	1
20216	3
20217	1
20218	1
20219	1
20220	1
20223	1
20225	1
20226	1
20227	1
20228	1
20229	1
20230	1
20231	1
20232	1
20233	1
20234	1
20235	1
20236	1
20237	1
20244	1
20245	1
20246	1
20247	1
20248	1
20249	1
20250	1
20254	1
20255	1
20278	2
20279	2
20319	1
20320	1
20370	1
