3	4
6	1
9	2
12	2
13	4
15	3
21	1
32802	1
36	3
37	1
39	4
43	2
44	1
32818	1
54	3
32825	2
32832	5
65	3
67	3
74	4
77	4
32846	2
32848	2
32849	3
32850	3
32851	3
32852	2
85	3
32854	4
32857	1
90	4
33607	3
93	3
32863	2
96	2
100	3
101	3
32870	3
104	3
105	3
110	4
114	3
115	4
117	1
32886	5
32887	5
32889	2
32890	2
123	4
124	1
32893	4
32894	1
32895	3
32896	1
32897	4
32898	2
32900	4
133	3
32902	1
32903	1
136	1
32905	4
32906	3
32907	1
32908	3
32909	2
32910	1
32911	4
144	3
145	2
32914	3
147	3
148	3
32917	4
151	2
32920	3
153	2
32922	2
32923	2
32924	2
32925	2
158	2
32927	3
32928	3
32929	2
163	1
164	2
32933	2
32934	1
167	2
32936	2
32937	1
32938	2
32939	5
32940	2
32941	3
32945	4
178	5
32947	2
32948	1
32949	2
32950	1
32951	1
32952	5
186	3
32955	2
32956	2
32957	2
32958	1
32960	1
32961	2
32962	1
32963	4
32964	1
32965	6
32966	2
32967	3
200	2
32969	1
202	2
32971	4
32972	3
32973	4
206	4
32975	3
32977	1
211	4
32981	1
32982	3
32987	3
32988	3
221	4
32990	1
224	1
32993	3
32994	2
227	1
32996	3
229	1
231	4
234	1
236	1
238	1
33008	1
33009	2
33011	1
33012	2
246	1
247	2
33016	2
33017	3
250	2
33019	2
33020	2
33021	2
33022	4
33023	1
256	1
33025	1
33026	3
33027	2
33028	1
33029	1
33030	3
33033	2
33035	1
268	3
33038	4
271	4
272	3
33041	1
274	4
275	3
33046	1
33047	1
33048	3
33049	1
33050	2
33051	4
33052	1
33053	1
33055	3
33056	3
289	4
290	2
33059	2
33061	4
33062	2
33063	3
33064	2
33065	1
33066	2
33067	3
33068	1
33069	1
33070	4
33071	4
304	4
33073	1
33074	5
307	4
308	1
33077	1
33078	2
33079	2
33080	1
33081	2
314	3
33083	1
316	1
33085	2
33086	2
33087	2
33088	1
322	2
33092	1
33094	3
33095	2
33096	1
33097	3
33098	3
33099	1
33100	2
33102	2
335	2
33104	4
33106	2
33107	3
33108	2
33109	1
33110	3
343	6
344	3
347	1
349	1
351	3
356	3
363	3
366	3
370	3
33142	2
33145	2
378	3
33147	2
33149	2
33150	2
33151	2
33152	2
33153	2
33154	2
33161	1
394	7
395	3
396	3
397	3
398	5
33167	2
400	3
33171	3
33173	1
406	2
33176	2
33178	3
33179	3
413	2
33182	2
33183	2
417	5
33187	3
33188	1
33189	1
422	4
33191	5
33194	1
33195	1
33196	3
429	1
33198	1
33201	1
434	2
33204	2
33205	3
438	5
33209	3
33210	3
33211	1
33212	4
33214	1
33215	1
33216	2
33217	4
450	3
453	4
455	3
456	4
33225	4
33227	1
33229	1
33230	2
33231	2
33232	3
465	4
33235	2
33236	1
33237	1
33238	1
33240	1
473	4
33242	2
475	1
476	2
33245	2
33246	4
480	1
33249	1
482	3
33251	1
33257	6
490	2
491	1
492	4
33261	1
33262	2
33263	2
33264	3
33265	3
33266	3
501	2
33270	1
503	3
33272	1
505	3
33276	3
509	4
511	2
512	3
33281	1
33282	4
33283	4
516	4
518	1
33287	2
33288	2
33289	4
522	2
33291	2
33292	2
33293	2
526	1
527	3
528	2
530	4
33299	1
33300	1
33302	3
33304	1
33306	1
33309	5
542	1
33311	4
544	6
33313	2
33314	3
33315	3
548	1
33318	3
33319	3
552	4
33321	1
554	4
33323	1
556	3
33325	1
558	2
559	7
33328	1
33329	3
33330	1
563	3
33332	1
33334	1
33337	1
33340	2
33341	2
33342	1
33343	1
576	2
33345	2
33346	2
33348	4
33350	1
33356	1
33358	2
33359	1
592	4
33361	1
33363	3
33366	7
33367	1
33370	2
604	3
33373	3
33374	1
33376	2
609	3
610	3
33380	2
33381	2
33382	2
33383	2
33384	2
617	1
618	1
621	3
622	3
625	3
630	3
635	4
638	2
646	1
647	5
650	2
655	2
657	1
659	5
16494	1
662	2
667	2
670	3
672	7
678	4
680	1
681	3
32882	3
686	2
688	2
691	1
692	3
693	2
696	2
32884	5
32885	3
704	2
706	4
708	3
709	1
710	2
711	8
714	1
33484	5
33485	2
33487	1
720	3
721	1
33490	1
33492	2
33495	2
33496	1
33497	3
730	3
33499	1
732	3
33501	1
735	3
33504	1
737	1
33506	3
32891	2
740	4
743	2
744	1
32892	1
33514	1
33515	2
748	3
33518	1
751	4
33520	1
755	3
33525	1
758	1
33527	3
761	3
762	1
763	4
766	4
33535	1
768	3
128	4
33538	1
33540	2
773	3
33542	1
775	1
776	1
33545	4
779	3
33548	2
781	3
33550	4
784	2
785	1
33554	1
32899	2
33556	1
789	2
33558	3
33560	2
33561	3
33562	3
33563	2
796	2
797	1
33567	1
33568	1
802	3
33572	4
33573	1
33574	1
807	3
33576	1
33577	1
33578	1
813	1
33583	3
817	2
33586	5
33587	2
33588	1
821	2
33590	2
33591	3
33592	4
33594	1
33595	1
33596	5
33598	3
33599	6
833	1
33606	6
33608	3
841	2
33610	3
33611	4
844	5
33613	1
33617	2
852	2
33622	1
855	2
856	3
33625	1
33627	3
860	3
33629	2
33630	4
33631	1
864	2
33633	1
33634	1
33636	1
33637	1
870	5
871	5
872	2
33641	7
876	4
879	2
881	1
33653	1
887	2
888	1
892	4
33661	2
33663	1
33664	1
33665	1
898	1
33667	3
33668	2
32918	3
33670	1
903	2
33672	1
33673	1
33674	3
33676	2
33677	5
33678	1
912	2
33681	1
33682	2
915	4
33684	1
33685	4
33688	1
33689	1
925	1
926	4
33697	2
931	2
935	3
936	2
940	1
941	12
33710	3
33711	3
33713	1
33717	4
33718	4
951	1
966	1
33735	2
33736	2
969	2
972	3
973	3
32931	1
981	2
982	3
984	3
32932	2
986	3
987	3
989	4
992	1
996	3
1001	6
32935	1
1004	3
1006	3
1008	1
1009	3
1010	1
1013	3
1015	5
1021	4
1022	1
1028	2
1032	1
1040	1
1044	3
32943	4
1053	3
1056	5
32944	4
1062	1
1065	3
1067	5
1068	3
1069	3
1070	2
1080	2
1082	2
1088	2
1091	3
1095	5
1103	7
1105	3
32953	1
1112	3
1115	3
1116	3
32954	1
1136	1
1137	1
1139	3
1141	4
1144	3
1151	3
1152	2
1160	2
1165	4
1168	3
1170	1
1171	1
1181	3
1183	3
1184	3
1185	3
1186	3
1188	3
1189	4
1193	3
1195	1
32968	1
1204	3
1207	4
1210	4
1211	4
1218	1
1224	3
1228	3
1231	2
1234	3
1237	2
1238	5
1239	1
1243	2
1246	3
1249	5
1253	2
1256	2
1260	6
1265	3
1267	3
1272	6
1278	5
213	2
1282	4
1286	4
1287	4
1288	2
1289	2
32983	3
1292	4
1299	3
1301	2
1302	2
32985	3
32986	2
1312	7
1316	2
1318	1
1319	4
1321	1
32989	1
1328	1
1333	2
1334	2
1337	2
1338	2
32991	2
1344	1
32992	3
1349	4
1350	3
1355	3
1358	3
1361	2
32995	1
11150	2
1371	3
1372	2
1376	1
1379	1
1381	1
1382	3
1383	4
1384	2
1385	2
1391	3
1392	2
1393	1
1396	1
1397	3
1399	2
1400	2
1402	3
1404	5
1406	3
1407	2
1408	4
1409	4
1413	3
1414	4
1416	3
1419	1
1420	3
1421	7
1422	1
1432	3
33007	1
1441	1
1445	1
1446	1
1447	2
1448	3
1456	2
1457	2
1458	3
1463	3
1469	9
1470	1
33013	3
1474	6
1475	5
1477	1
1483	3
1489	2
1492	3
1493	2
1500	2
33018	2
1504	3
1512	3
1513	3
1517	2
1519	3
1520	3
1521	3
1530	2
1533	4
1534	1
1535	1
33024	4
1539	2
1545	2
1546	3
33280	1
1551	3
1558	2
1559	2
1560	3
1563	2
1564	8
1566	2
1569	4
1577	4
33031	3
1591	3
1592	1
33034	1
33036	2
1613	2
1614	1
1615	2
1616	2
1620	3
1621	4
1624	4
1626	6
33039	3
1631	4
33040	2
1635	2
1639	3
1640	5
1642	3
1648	4
33043	3
1653	3
1654	1
1655	2
1656	3
33045	2
1666	2
1668	3
1669	2
1672	11
1677	1
1679	4
1684	4
1688	3
1689	3
1694	2
1695	3
1697	11
1698	2
1701	2
1704	2
1705	4
1707	2
1713	2
33054	3
1718	3
1719	4
1720	2
1722	2
1727	1
1728	4
1729	2
1731	4
1733	4
33057	1
1738	2
1740	3
33058	2
1742	2
1743	3
1746	1
1748	1
1749	3
1770	3
1771	3
1779	3
1782	4
1784	1
1786	3
1793	3
1795	3
1800	2
1801	3
1803	2
1805	5
1809	1
1816	4
1819	1
1821	4
33072	2
1829	3
1831	3
1835	2
1842	3
1843	1
1844	2
1847	2
33076	1
1852	4
1854	4
1855	2
1856	3
1857	4
1859	5
1860	4
1862	2
1864	2
1869	2
1872	3
1874	1
5774	3
1883	3
1885	3
1887	2
1889	7
2245	4
1894	2
33084	3
1904	2
1907	1
1911	3
1913	1
1921	1
1922	3
1929	1
1931	4
33090	3
1937	4
1941	2
1945	1
1946	3
1947	3
1951	3
1952	2
33609	4
1963	1
1966	3
1973	3
1976	4
1977	6
1980	4
1981	5
1985	3
1988	2
332	3
2000	1
2001	3
2002	3
2008	2
2009	2
33103	3
2021	2
2023	2
2024	3
2028	3
2031	2
2036	2
2037	2
2038	1
2041	3
2043	3
2045	1
2051	5
33111	1
2062	3
2063	3
2065	3
2069	3
2070	3
2074	3
33115	2
2084	3
2089	5
2090	3
2092	3
2101	1
2103	3
2113	1
2115	2
2116	2
2120	3
2122	3
2124	3
2133	6
2140	1
2141	1
2144	3
2147	3
2148	1
2151	2
2152	4
2157	2
2161	5
2164	2
2166	4
2167	1
2169	4
2170	3
2175	3
2176	3
2183	3
2184	3
2185	3
2186	2
2187	2
2189	2
2200	3
2206	3
2207	4
2210	2
2211	1
2214	1
2217	1
2228	3
2229	1
2232	3
2235	3
2236	3
2237	3
2238	3
2239	3
2240	3
2242	4
2243	4
2244	4
2246	4
2247	4
2248	4
2249	4
2250	4
2251	4
2252	2
2256	4
2258	3
2260	2
2261	2
2262	2
2263	2
2264	2
2265	2
2266	2
2267	2
2268	2
2269	2
2270	2
2271	2
2272	3
2273	3
2274	3
2275	3
2276	3
2277	3
2278	3
2279	3
2280	3
33148	2
2282	3
2283	3
2284	3
2285	3
381	1
2291	1
2295	3
2297	4
2299	3
2302	5
2310	6
2313	5
2317	6
2320	6
2323	2
2324	2
2325	4
2327	1
2330	1
2331	1
2333	1
2334	1
2335	2
2337	4
2339	4
2340	4
33158	1
2344	4
2352	1
2354	3
393	3
2362	3
33162	4
2367	1
2368	3
2371	3
2374	3
33164	1
2381	3
2388	2
2389	2
2390	2
2391	2
2392	2
2393	2
2394	2
2399	4
2406	2
2407	2
2408	2
2409	3
2413	1
2415	1
2416	3
2417	1
2418	3
2425	1
2426	1
2427	1
2434	3
2435	3
2436	3
33174	2
2438	3
2441	3
33175	3
2444	3
2445	3
2446	1
2447	1
2448	3
2449	1
2452	2
2453	2
2454	2
2456	3
2457	3
2460	1
2461	1
2462	1
2463	2
2467	1
2470	2
33181	2
2480	4
2481	2
2484	1
2493	2
2494	1
416	2
33185	2
2506	2
2507	2
2511	3
2512	4
2514	4
2516	3
2517	1
2530	1
33190	2
2538	3
2544	1
33192	3
2554	3
2567	1
2568	2
428	2
2571	2
2574	1
2583	5
2585	1
2592	2
2594	1
2595	1
2597	1
2605	1
2606	1
2608	1
33203	2
2614	1
2615	2
2621	3
2624	5
2628	4
33206	2
2631	5
2633	3
2635	3
2639	2
33208	2
2643	1
2644	3
2648	2
2649	2
32822	2
2659	4
2660	1
2661	1
2662	1
2663	1
2669	2
2672	4
2673	4
2674	4
2675	4
2677	3
2679	1
2680	2
2682	3
2683	3
2685	4
32868	5
2689	2
2690	2
2695	4
2699	3
2702	1
2703	2
32824	2
2712	2
33221	1
2724	3
2748	4
2756	1
33228	1
11383	2
2768	1
2769	2
2771	1
2774	2
2780	1
2781	1
2794	1
2801	4
2812	6
2813	3
2817	5
2825	1
2829	1
2833	1
2835	1
33241	4
2842	6
2844	4
2845	3
2848	1
33243	2
33244	3
2864	4
2866	2
2874	1
2891	4
33250	1
2903	1
2904	6
2910	2
2918	1
2924	2
2929	1
2944	3
33259	1
2948	3
2949	4
2956	3
2958	1
2959	3
2960	3
2961	3
2963	1
2964	1
2967	2
2970	2
2971	1
2972	1
2974	4
2975	4
2976	4
2980	3
2981	3
2982	3
2983	3
2984	3
2985	1
2986	1
2987	3
2994	1
2995	1
33269	4
3012	1
3013	2
3017	1
3022	4
3023	1
3024	3
3026	4
3027	1
3028	3
33273	4
3038	2
507	3
3044	5
3045	5
3046	5
3047	5
3048	5
3049	5
3050	5
3052	3
3053	3
3054	2
33277	3
3056	3
3057	1
3059	3
3060	4
3061	2
3063	2
3064	2
3067	1
3068	4
3069	4
3071	4
3072	4
3073	4
3075	4
3076	4
3077	4
3078	4
3079	4
3080	2
3081	2
3082	2
3084	1
3085	1
3087	1
3120	3
33290	3
3136	5
3138	2
3154	4
3157	3
3158	4
3162	2
33295	1
3168	3
3170	2
3174	2
3178	3
3179	3
3180	4
3181	2
3182	3
3187	3
3188	1
3189	2
3190	3
3194	3
3195	1
3196	4
3197	2
3199	1
3202	3
3203	6
3204	3
3205	2
3209	2
3210	5
3211	2
3212	2
3213	3
16920	1
3222	2
3223	2
3230	3
3231	3
3235	2
541	2
33310	4
3256	4
3263	3
33312	5
3269	4
3282	1
3283	1
3284	1
3285	6
3286	4
3288	3
3289	3
3291	3
3292	3
33317	4
3296	1
3298	2
3299	1
3300	1
3303	1
3310	3
3311	2
33320	1
3317	2
33322	1
3333	2
3337	1
3346	4
33327	1
3359	3
3361	4
3372	3
3373	5
3375	2
3376	2
3377	2
33331	1
3381	2
3383	3
3384	1
3385	3
3386	2
3389	2
3391	3
3398	3
32847	2
3404	1
3406	2
33336	1
3412	1
3414	4
3415	4
3416	1
3417	2
3418	2
3420	3
3422	3
3424	3
3425	1
3426	1
3427	2
3428	1
3429	2
3432	2
3433	2
3436	2
3437	4
3444	2
3447	4
3451	5
3452	3
3454	2
3457	3
3461	2
3464	1
3465	1
3467	2
3469	2
3474	3
3476	2
3477	1
3478	1
3480	1
580	2
3484	3
3486	1
3487	1
3488	1
3491	3
3496	1
3503	1
3504	1
3505	1
3506	1
3510	1
3512	3
3513	3
3514	2
3515	1
3517	1
3520	1
3521	5
3522	1
3523	2
3524	2
3535	1
3537	1
3538	4
3539	1
3541	4
3542	6
3545	2
3546	2
3547	3
33360	2
3557	4
3559	1
3560	6
3561	3
3562	3
3563	3
3564	5
3565	1
3566	1
3569	4
3570	4
3572	2
3574	3
33365	2
33368	5
3620	2
3624	3
33372	3
3626	2
3635	1
33375	4
33377	2
33378	3
3666	2
3668	2
3669	7
3676	1
3679	2
3682	3
3683	1
3684	3
3685	2
3686	3
3687	2
3690	2
3691	1
3692	1
3699	5
3700	4
3701	4
3703	3
3704	3
3705	6
3708	3
33386	2
3710	6
3713	1
3716	3
3717	2
3719	2
3720	3
3723	5
3724	6
3728	1
3732	4
3735	3
3751	4
3753	4
3755	6
3758	6
3761	4
3762	2
3764	2
3765	1
3766	3
628	3
3775	1
3783	1
3784	3
3786	1
32860	3
3796	2
3802	1
3804	3
3805	4
3811	4
3813	3
3815	3
3816	3
3820	5
3821	5
3824	3
3825	3
3835	4
3836	14
3837	1
3840	3
3841	3
3842	2
3844	1
3859	2
3873	1
3874	1
3876	1
3882	1
3895	1
3896	2
3897	2
3898	3
3899	2
3901	2
3904	3
3905	3
3906	3
3907	3
3908	3
3909	3
3910	3
3913	3
3915	2
3917	3
3919	5
3921	3
3923	3
3929	3
3930	3
3942	1
3943	3
3944	3
3945	3
3947	3
3948	3
3949	3
3950	3
3951	1
3963	2
3964	2
3966	2
3970	3
3971	3
3976	3
3977	2
3978	2
3979	2
3980	3
3982	3
3983	3
3985	3
3986	3
3989	2
3992	1
3994	1
3995	3
3996	3
3998	2
4004	4
33438	1
4023	1
4025	2
4047	3
4056	3
4057	2
4058	2
11599	1
4060	3
4062	3
4063	3
4064	3
4066	3
4067	3
4068	3
4069	3
4070	3
4072	3
4073	3
4076	1
4077	1
4078	1
4083	2
4085	4
4086	2
4090	4
32979	1
4116	2
4117	4
4120	1
4122	1
4123	2
4129	1
4131	5
4132	2
4134	2
689	7
4139	3
4140	2
4141	2
4151	2
4159	1
4162	4
4169	3
4171	2
4174	1
4175	2
4195	1
4196	1
4202	2
4204	2
4213	2
4220	3
4222	2
4224	1
4226	3
4229	3
4230	3
4235	2
33474	1
4240	1
4243	1
33476	1
4250	2
33477	2
4259	3
4261	1
4271	1
4277	3
4281	3
4282	1
4283	2
33482	1
4288	1
4292	2
4294	2
4298	4
4303	5
4304	1
4308	4
33486	3
4315	2
4321	3
4324	2
4326	2
4327	1
4329	3
4339	2
4346	2
4354	1
4355	1
4356	1
4357	1
4361	2
4363	4
4368	2
4373	3
4376	1
4377	2
4378	2
4379	1
4381	3
4384	2
4385	2
4386	1
4387	3
4390	2
4392	2
4393	1
4396	2
4398	2
4400	3
4402	1
4404	2
4406	1
4410	1
4411	2
4412	1
4413	1
4416	3
4417	3
4418	1
4419	2
4420	2
4421	3
33505	2
4424	3
4429	5
4430	1
4431	1
4433	6
4434	5
4436	3
4438	2
4439	5
4445	3
4446	2
4453	5
32930	1
4458	2
4459	4
4460	2
4463	4
4464	4
4466	1
4468	3
4470	1
33513	2
4472	7
4473	6
4475	5
4484	4
4485	5
4486	1
4487	4
4488	4
4489	3
4490	2
4491	6
4496	2
4497	4
4498	2
4499	6
4502	3
4503	6
4504	5
4506	2
4508	3
4513	2
4515	2
4517	1
33521	2
4520	5
4522	5
4523	5
4524	5
4527	6
4528	1
4530	6
4532	7
4535	6
4538	1
4539	6
4541	6
4542	3
4543	6
4544	5
4546	4
4547	2
4548	5
4549	1
4551	3
4553	5
4557	1
4558	7
4559	7
4561	2
4563	4
4565	2
4566	7
4569	5
4572	6
33530	2
4574	3
4575	2
4576	5
4577	5
4579	5
4580	4
4584	7
33532	1
4586	5
4590	2
4591	5
4592	3
4593	2
4596	4
33534	2
4598	6
4600	4
4602	4
4603	3
4604	4
4605	6
4607	3
4608	6
4609	4
4610	3
4612	3
4616	4
4617	1
4618	4
4619	1
4620	3
4621	3
4623	5
4626	3
4627	3
4628	3
4633	1
4634	4
33541	1
4640	2
4641	2
4642	4
4643	4
4644	4
4653	5
4654	1
4655	4
33544	4
4658	1
4661	5
4662	2
4665	6
4667	5
4668	3
33546	1
4670	3
4671	3
4673	3
4674	3
33547	1
4677	7
4678	2
4681	1
4685	3
33549	3
4690	1
4691	1
4692	3
4696	3
4698	4
4699	2
4700	2
4702	4
4705	3
4706	1
4707	1
4708	1
4711	3
4721	4
4724	3
4726	3
4730	1
4732	1
4733	4
4736	3
4737	2
33559	1
4752	2
4753	1
4755	3
4756	3
4757	3
4758	3
4759	3
4760	3
4761	2
4762	3
4763	3
4764	3
4765	1
4766	1
4769	1
4770	2
4772	3
4775	3
4778	2
4779	1
4780	6
4782	4
4783	2
4784	2
4785	2
4786	2
4789	4
4790	3
4791	5
4793	2
4794	5
4796	4
4797	2
4799	3
4800	2
4803	5
4804	5
4806	3
4807	7
4808	3
4809	3
4810	3
4811	1
4812	2
4814	1
4816	5
4817	1
4825	1
4834	1
33575	1
4847	3
4854	3
4855	3
4856	2
4870	3
4881	3
4882	3
4888	2
4893	1
4900	1
4901	3
4902	1
4903	3
4905	1
4907	4
4908	6
4912	1
4913	1
4917	1
820	3
4926	1
4927	3
4928	2
4930	2
4932	1
4933	1
4938	3
823	4
4943	1
4944	2
4947	2
4948	1
4955	2
4956	2
4957	4
4959	1
4961	3
4963	1
4964	2
4965	2
4966	1
4967	1
4973	4
4974	1
4976	2
4978	2
4980	2
4985	1
4986	1
4995	2
4996	1
4997	2
4998	1
4999	3
5001	2
5002	1
5005	1
5008	1
5009	2
5011	1
5013	3
5015	2
5022	1
5027	2
5029	1
5041	1
5051	1
5056	3
5058	2
5059	4
5061	1
5063	4
5064	1
5067	4
5070	1
5072	3
5073	3
5076	3
5080	3
5081	3
5093	2
33618	1
33619	1
33620	3
32904	1
33621	2
5124	5
5128	3
5129	3
33623	1
5133	3
5150	4
5152	3
33628	3
5164	3
5166	1
33632	1
5192	1
5193	3
32915	1
5197	1
5199	2
5200	1
5208	2
5210	4
5211	1
5215	1
5216	1
5217	4
5227	1
5228	1
5230	1
5231	1
5234	1
5238	4
5240	1
5246	5
5248	4
5251	1
5252	9
5254	4
5255	7
5256	1
5259	6
5260	4
5264	2
5268	1
5270	5
5271	1
5275	2
5280	4
5281	3
5284	1
5285	5
5286	3
5288	6
5290	4
5293	5
5299	1
5314	3
5317	3
5318	3
5319	3
5322	2
5332	1
5335	1
5336	2
5337	2
5338	5
5339	1
5341	2
5344	1
5349	1
5352	1
5372	1
5378	3
5382	3
5383	3
5384	4
5385	3
5386	3
5387	3
5388	3
5389	3
5391	3
5392	3
5393	3
5394	3
5396	3
5397	3
5400	1
5401	1
5402	1
5404	3
5406	3
5407	3
5409	3
5410	3
5411	1
5412	2
5413	2
5414	5
5416	2
5418	1
33671	2
5420	1
5421	1
5422	1
5423	1
5424	3
5425	3
5426	3
5427	1
5429	1
5430	2
5432	2
5435	2
5439	2
5441	2
5442	3
5443	3
5444	3
5447	3
5448	3
5449	3
5450	3
5451	3
5452	3
5453	1
5456	2
5457	3
5458	3
5459	3
5460	3
5461	3
5462	3
5463	3
5464	3
5466	3
33679	1
5469	1
33680	1
32916	1
5477	1
5478	1
913	3
5485	5
5488	3
5497	3
5499	6
5503	3
5513	1
5522	1
5527	2
5534	1
5535	1
5549	2
5551	2
5557	2
33207	3
5563	1
5564	1
5570	1
5575	3
5582	4
5584	1
5595	1
5597	2
5599	1
5608	1
5610	3
5615	6
5618	1
5621	2
5627	2
5628	2
5632	1
5641	2
5649	2
5652	3
942	2
5655	2
5657	1
5659	2
5662	4
5663	2
5664	3
5668	3
5669	4
5670	3
5671	3
5672	3
5673	3
5674	1
5675	2
5676	8
5677	1
5678	1
5681	1
5684	1
5685	1
5687	3
5688	3
5689	2
5690	1
5694	2
5696	2
5697	4
5700	2
5701	3
5704	3
5705	3
5706	4
5709	1
5711	3
5712	3
5713	3
5717	1
5719	6
5721	3
5722	8
5723	1
5725	1
5727	3
5729	3
5732	3
5733	4
5734	7
5736	4
5737	7
5738	4
5739	4
5740	7
5741	8
5742	8
5743	8
5744	1
5745	3
5746	3
5747	4
5748	5
5749	3
5750	4
5751	5
5752	5
5753	5
5756	3
5757	6
5758	4
5759	4
5760	3
5761	6
5762	6
5763	6
5764	5
5765	4
5766	2
5768	3
5769	3
5771	3
5772	1
32926	1
5776	2
5777	2
5779	4
5780	4
5781	3
5784	2
5785	2
5786	2
5787	4
5789	3
5790	3
5791	1
5794	3
5795	1
5802	1
5807	2
5809	2
5810	2
5813	5
5815	3
5819	3
5823	3
5827	3
5830	2
5837	2
5840	1
5848	3
5852	2
5854	4
5855	3
5857	5
5858	3
5860	4
5862	6
5863	6
5864	7
5865	4
5866	4
5867	3
5868	3
5869	5
5870	3
5871	3
5874	1
5876	1
5879	1
5880	4
5882	10
5885	2
5886	3
5889	3
5890	3
5892	4
5893	5
5894	3
5895	3
5896	5
5897	4
5898	5
5902	1
5903	3
5904	5
5905	2
5907	3
5911	1
5912	3
5913	1
5914	2
5919	5
5920	6
5921	1
5927	1
5928	2
5929	2
5930	6
5931	5
5936	2
5938	1
5939	1
5940	4
5941	2
5944	2
5945	2
5946	4
5947	3
5949	3
5950	2
5951	3
5952	1
5955	4
5956	4
5959	3
5960	5
5961	5
5962	5
5963	5
5964	2
5967	4
5968	7
5969	3
5970	7
5971	4
5972	4
5973	2
5975	2
5976	4
5977	4
5978	6
5979	1
5980	3
5981	2
5982	2
5984	4
5985	3
5986	8
5987	2
5989	3
5991	4
5992	2
5993	3
5994	3
5995	4
5996	3
5997	3
5999	2
6000	2
6001	1
6002	2
6003	2
6005	5
6006	4
6008	1
6009	4
6044	1
6060	2
6065	2
6079	3
6082	4
6113	1
6136	2
6138	4
6155	1
6156	4
6161	1
6165	7
6167	4
6200	2
6215	2
6217	5
6219	4
207	3
6225	3
6226	1
6231	2
6232	2
6233	2
6234	2
6235	2
6236	3
6237	2
6238	2
6239	2
6240	2
6241	5
6242	1
6243	3
6244	3
6248	1
6252	3
6253	3
6254	2
6255	3
6256	11
6257	3
6258	4
6262	5
6264	1
6266	5
6269	3
6271	3
6272	3
6274	5
6275	1
6276	4
6277	4
6278	5
6279	4
6281	5
6284	5
6285	2
6287	1
6288	1
6289	1
6290	3
6291	2
6292	2
6293	3
6294	3
6298	2
6299	2
6300	2
6301	2
6302	2
6303	2
6304	2
6305	2
6306	2
6307	2
6308	5
6309	4
6316	4
6319	2
6320	3
6321	3
6322	6
6323	3
6324	6
6325	6
6326	2
6328	2
6331	1
6332	3
6333	3
6334	4
6335	4
6338	1
6341	1
6344	5
6345	4
6346	2
6349	1
6350	1
6352	2
6354	1
6355	1
6356	1
6358	1
6359	1
6361	5
6368	3
6371	2
6373	1
6374	1
6375	3
6376	2
6377	1
6382	1
6385	2
6386	2
6391	1
6393	1
6394	7
6395	2
6396	7
6397	3
6398	2
6399	4
6400	1
6401	2
6405	1
6407	1
6409	5
6411	3
6412	3
6414	1
6415	5
6418	5
6419	3
6420	3
6423	1
6424	2
6429	3
6434	3
6436	2
6437	1
6440	1
6441	1
6443	4
6444	1
6449	2
6450	1
6452	1
6454	1
6463	1
6464	2
6465	1
6466	1
6467	1
6468	5
6469	3
6470	4
6471	3
6472	5
6478	3
6495	1
6507	1
6509	3
6514	2
6515	1
6516	2
6519	3
6529	3
6534	1
6538	3
6544	1
6546	1
6547	5
6548	1
6606	1
6654	4
33528	1
6669	3
6673	3
6679	4
6697	2
6699	1
6700	2
6707	1
6708	1
6709	2
6721	9
6722	2
6724	1
6730	2
6733	1
6735	1
6741	4
6746	2
6748	4
6754	1
6759	3
6762	2
6765	2
6773	2
6776	1
6777	2
6779	3
6780	1
6781	2
6790	2
6793	2
6800	1
6801	4
6806	3
6809	3
6811	3
6812	3
6813	4
6814	3
6815	1
6822	2
6824	2
6825	3
6830	1
6838	1
6846	4
6849	3
6854	2
6858	2
6859	3
6870	2
6885	2
6886	3
6889	1
6890	2
6912	1
6916	1
6918	3
6924	3
6932	5
6934	1
6942	2
6952	3
6965	2
6966	2
6973	2
6975	2
6984	1
6985	4
6995	7
7005	1
7015	3
7023	2
7025	3
7031	1
7049	3
7059	2
7062	2
7069	4
7070	5
7071	2
7072	3
7078	3
7079	2
32970	1
7100	2
7130	1
7133	5
7144	2
7149	5
7158	1
7170	1
7178	1
7188	3
7204	3
7208	3
7216	3
7218	3
7220	4
7221	1
7225	2
7231	2
7233	2
7239	2
7240	1
7242	2
7245	2
7246	1
7248	1
921	3
7251	1
7252	2
7257	1
7259	3
7260	2
7265	3
7266	4
7271	4
7273	2
7274	3
7276	1
7288	1
7291	1
7293	1
7304	1
7306	3
7313	1
7315	4
7341	1
7342	1
7346	1
7358	1
23072	1
7364	1
7385	3
7412	1
7415	1
7428	1
7439	3
7440	5
7441	3
7448	1
7457	1
7459	4
7464	3
7473	2
7476	1
7479	4
7485	2
7515	2
7528	2
7531	1
7532	1
7533	1
7536	2
7537	3
7540	1
7544	3
7566	3
7568	2
7576	2
7581	3
7584	1
7586	2
7589	2
7593	2
7594	3
7602	1
7605	2
7611	2
7622	1
7629	1
7636	4
7640	2
7648	3
7653	4
7659	2
7663	1
7664	2
7669	2
7673	1
7676	5
7682	3
7687	1
7690	1
7691	4
7692	6
7704	5
7706	2
7719	5
7720	5
7724	2
7729	5
7732	1
7733	2
7734	2
7735	1
7740	4
7743	3
7745	3
7746	3
7747	1
7752	1
7753	1
7754	4
7763	3
7764	2
7765	1
7775	3
7779	2
7782	2
7783	3
7785	6
7786	2
7790	1
7796	2
7798	2
7799	1
7802	2
7809	2
7811	4
7812	4
7820	2
7823	2
7824	2
7826	3
7828	7
7832	1
7833	3
7834	3
7836	3
7839	2
7852	5
7855	1
7857	2
7859	2
7866	3
7870	4
7873	3
7876	1
7880	1
7882	4
7905	3
7907	1
7917	1
7925	2
7933	2
7935	1
7937	4
7938	1
7939	3
7940	1
7944	2
7945	2
7956	4
7958	2
7961	2
7962	3
7971	1
7973	1
7977	1
7978	1
7980	3
7982	1
7984	3
7988	1
7990	1
7992	1
8001	2
8012	1
8017	3
8018	3
8019	4
8020	1
8025	2
8026	1
8027	3
8028	2
8029	3
8031	2
8034	2
8036	3
8045	7
8046	7
8047	6
8048	7
8049	7
8050	7
8051	3
8052	3
8053	3
8054	3
8055	2
8056	2
8058	2
8059	2
8060	2
8063	5
8065	1
8066	4
8067	4
8068	4
8069	4
8070	4
8071	4
8072	4
8073	3
8074	3
8075	1
8076	3
8077	3
8078	3
8079	3
8080	1
8081	1
8083	1
8086	2
8087	5
8088	2
8089	2
8093	2
8094	1
8095	3
8096	2
8097	6
8098	2
8099	2
8100	2
8101	2
8102	3
8103	3
8104	1
8105	3
8108	2
8109	3
8110	4
8111	4
8112	3
8116	1
8120	1
8122	3
8123	3
8124	3
8126	4
8128	2
8129	2
8130	2
8131	2
8133	2
8134	2
8141	3
8148	3
8156	2
8157	2
8162	4
8175	2
8176	1
8179	1
8181	4
8187	5
8189	1
8195	4
8209	6
8216	1
8219	5
8220	5
8221	3
8223	3
8229	3
8238	4
8241	4
8242	5
8244	7
8248	5
8252	2
8264	2
8288	8
8292	2
8294	4
8300	1
8306	1
8310	2
8330	4
8337	4
8338	4
8342	1
8343	1
8345	3
8346	3
8348	3
8349	5
8350	5
8351	5
8352	5
8353	2
8355	2
8358	4
8359	2
8362	3
8363	1
8364	1
8367	1
8369	1
8370	1
8371	1
8372	1
8374	1
8375	1
8377	2
8381	1
8384	3
8386	7
8388	6
8392	2
8393	2
8403	4
8404	3
8405	4
8409	1
8412	2
8414	2
8415	2
8417	3
8425	1
8426	2
8428	2
8431	4
8432	2
8433	4
8434	7
8435	1
8436	1
8448	3
8450	2
8453	1
8461	4
8463	3
8465	2
8467	1
8469	2
8501	2
8504	1
8509	3
8521	3
8523	1
8543	3
8559	1
8564	1
8567	6
8568	1
8576	2
8591	1
8593	3
8594	3
8597	1
8601	1
8602	3
8603	1
8605	2
8606	2
8608	1
8609	2
8612	3
8614	1
8626	3
8628	2
8630	2
8631	5
8632	1
8634	1
8639	2
8647	1
8648	1
8649	1
8652	1
8657	1
8658	2
8660	1
8661	1
8668	1
8670	3
8672	1
8673	1
8674	3
8676	3
8685	4
8689	7
8690	4
8691	1
8698	2
8702	1
8703	3
8705	2
8710	2
8716	4
8717	1
8718	1
8723	3
8728	1
8729	1
8730	3
8732	3
8734	1
8748	2
8750	2
8758	2
8760	3
8766	2
8768	2
8770	4
8771	3
8772	1
8773	1
8783	1
8785	1
8790	3
8795	1
8796	2
8797	3
8798	1
8800	5
8807	3
8814	3
8818	2
8819	1
8820	1
8826	1
8827	1
8828	1
8831	3
8832	5
8834	1
8836	2
8837	3
8844	2
8846	1
8849	2
8851	5
8853	1
8855	2
8856	2
8857	3
8865	3
8867	4
579	1
8873	2
8874	2
8876	2
8879	1
8882	1
8892	1
8895	3
8896	1
8897	1
8901	4
8911	3
11534	8
8987	1
301	1
9049	1
9052	4
33146	2
9077	1
9103	3
9104	5
9106	6
33037	3
9112	1
9113	4
9115	2
9116	2
9117	2
9118	2
9120	2
9121	2
9123	2
9133	3
9135	8
9136	8
9137	8
9139	4
9140	4
9141	4
9142	4
9143	4
9145	3
9146	2
9147	3
9151	1
9152	3
9153	3
9154	4
9155	3
9157	2
9158	2
9159	3
9160	2
9162	3
9163	4
9164	4
9165	3
9166	2
9167	2
9169	4
9170	4
9173	1
9179	2
9188	2
9192	1
9194	6
9203	1
9206	3
9208	1
9209	1
9212	3
9219	1
9225	2
9226	2
9228	2
9230	7
9244	3
9246	2
9248	3
9252	3
9262	2
9278	2
9281	1
9283	2
9286	3
9287	1
9292	1
9294	3
9299	1
9300	1
9307	2
9308	4
9311	1
9316	3
33044	4
9319	2
9345	1
9357	3
9361	3
9366	1
9374	3
9379	2
9382	3
9388	3
9390	1
9391	1
9395	1
9396	3
9397	2
9400	4
9401	3
9410	2
9413	1
9415	4
9422	2
9423	3
9429	2
9430	2
9431	4
9433	3
9434	1
9436	1
9437	2
9438	3
9444	1
9446	2
9447	5
9448	1
9450	5
9452	3
9453	6
9456	3
9458	3
9486	1
9502	1
9508	2
9510	1
9511	2
9524	1
9539	2
9542	4
9551	2
9554	2
9567	2
9571	1
9580	5
9582	4
9589	1
9600	4
9601	2
9608	3
9609	2
9614	3
9617	1
9621	1
9622	1
9635	1
9636	1
9637	1
9643	1
9648	1
9651	2
9662	1
9668	4
9669	2
9675	2
9685	1
9703	2
9714	2
9716	3
9727	1
9728	1
9729	5
9731	1
9760	1
9768	2
9772	1
9779	3
9782	2
9787	2
9788	2
33060	2
9800	1
9806	2
9807	2
9810	2
9829	3
9860	4
9861	4
9866	2
9868	1
9873	1
9887	3
9889	2
9893	1
9896	3
9904	1
9905	6
9911	2
9914	4
9920	3
9933	1
9947	3
9948	1
9952	2
9955	2
9958	3
9967	4
9970	2
9976	3
9980	1
9986	2
9990	1
9993	3
10000	1
10002	1
10009	3
10010	1
10012	2
10019	1
10025	1
10028	1
10029	2
10034	1
10035	1
10038	1
10043	2
10044	1
10045	5
10046	3
10047	2
10048	2
10049	1
10051	7
10052	3
10054	3
10055	3
10058	1
10059	1
10062	2
10063	2
10067	3
10068	2
10072	5
10073	3
10074	4
10075	4
10076	4
10077	3
10078	2
10079	5
10083	5
10084	5
10085	3
10086	2
10087	2
10089	3
10092	1
10096	3
10101	4
10102	4
10107	4
10108	3
10109	1
10111	10
10112	4
10113	3
10114	6
10115	1
10119	1
10121	2
10122	3
10125	3
10126	2
10128	5
10129	2
10130	2
10131	2
10134	1
10136	5
10137	3
10138	5
10139	4
10140	3
10153	2
10156	1
10159	2
10161	2
10162	2
10164	3
10165	1
10167	4
10169	2
10171	1
10172	1
10173	1
10174	2
10185	6
10188	3
10189	5
10190	3
10191	3
10192	6
10193	7
10194	8
10196	2
10197	2
10198	2
10200	1
10201	1
10204	7
10205	5
10206	3
10208	2
10209	3
10210	1
10211	4
10215	1
10216	1
10218	2
10222	2
10223	1
10224	1
10228	3
10229	1
10230	3
10231	4
10232	3
10233	4
10238	1
10240	1
10241	2
10242	1
10244	3
10245	3
10246	4
10247	1
10248	3
10249	5
10251	5
10270	4
10271	3
10276	1
10278	2
10284	2
10288	1
10300	3
10301	2
10306	4
10311	5
10313	2
10326	2
10332	4
10334	4
10335	1
10336	2
10340	1
10346	2
10347	4
10350	1
10354	5
10371	1
10377	2
10379	3
10386	2
10387	1
10388	4
10394	5
10404	2
10405	2
10433	1
10438	1
10452	5
10453	2
33082	1
10461	1
10462	4
10474	2
10475	1
10479	2
10489	2
10490	2
10492	1
10500	2
10503	2
10519	3
10527	3
10531	2
10532	2
10534	2
10545	2
10547	3
10548	2
10550	2
10561	3
10571	1
10573	1
10574	2
10580	1
10584	3
10585	4
10586	1
10591	2
10592	3
10593	1
10597	1
10598	5
10604	1
10613	2
10617	1
10628	2
10635	2
10636	1
10646	1
10651	3
10662	1
10678	1
10682	1
10684	3
10691	3
10695	1
10702	4
10711	5
10712	2
10729	3
10742	1
10744	2
10758	2
10761	1
10762	2
10771	2
10793	4
10794	2
10797	4
10798	3
10801	2
10831	3
10832	2
10845	1
10855	2
10857	2
10868	1
10874	2
10881	2
10886	1
10924	2
10928	3
10946	1
10948	4
10953	1
10960	2
10963	4
10966	2
10967	1
10968	1
10970	1
10972	3
10975	3
10977	4
11134	2
11141	2
11143	4
11147	7
33105	3
11158	2
11160	4
11163	2
11167	2
11170	2
11172	3
11175	3
11176	3
11177	5
11179	6
11181	4
11183	12
11190	1
11192	2
11195	1
11197	1
11217	4
11218	1
11224	1
11227	1
11229	1
11236	4
11240	3
11241	6
11242	4
11244	5
11245	5
11248	5
11264	4
11265	3
11267	1
11269	1
11270	1
11271	5
11272	3
11273	3
11274	3
11275	3
11276	4
11278	1
11281	1
11282	3
11283	1
11284	1
11285	1
11286	1
11287	3
11289	3
11290	4
11291	2
11292	1
11293	1
11294	1
11295	7
11297	4
11301	3
11303	2
11304	3
11307	4
377	3
11339	6
11342	2
11344	1
11346	1
11348	1
11363	4
11364	2
11365	3
11367	4
11381	4
1897	3
11386	5
11390	3
11391	5
11395	4
11398	3
11399	3
11400	4
11402	1
11404	12
11406	3
11407	8
11410	4
11414	5
11419	1
11425	3
11513	3
11520	2
11529	2
11530	1
11532	1
11533	4
33465	4
11536	1
11537	5
11540	2
11542	4
11548	2
11552	2
11553	3
11555	4
11556	3
11557	7
11566	4
11589	1
11590	1
1933	3
11602	6
11605	2
11610	2
11648	3
11653	1
11671	1
11691	1
11696	3
11720	3
11725	5
11726	5
11738	1
11743	1
11747	1
11768	1
11771	1
11773	3
11774	2
11775	7
11776	7
11779	1
11780	4
11782	2
11783	2
11784	3
11786	8
11787	2
11788	3
11789	4
11790	2
11791	4
11792	3
11793	3
11794	3
11795	1
11797	2
11798	3
11799	2
11800	3
11803	1
11804	3
11805	3
11806	3
11807	4
11808	3
11809	2
11810	5
11811	2
11812	6
11813	6
11814	4
11815	4
11818	4
11820	1
11821	2
11822	5
11825	2
11828	5
11829	5
11832	4
11833	2
11834	2
11835	1
11842	6
11843	1
11844	7
11845	6
11849	3
11850	1
11851	3
11857	2
11858	3
11859	6
11860	2
11861	1
11862	1
11864	3
11865	5
11866	5
11867	3
11868	5
11869	2
11870	1
11872	4
11876	3
11877	4
11878	1
11879	4
11880	3
11881	2
11882	2
11884	1
11885	3
11886	1
11887	2
11888	4
11890	1
11892	5
11895	4
11897	1
11900	1
11901	2
11902	3
11904	7
11907	4
11908	2
11909	1
11910	2
11912	4
11916	2
11917	6
11919	3
11921	2
11922	3
11923	2
11924	4
11926	3
11930	1
11932	1
11937	2
11938	1
11939	5
11940	1
11941	1
11946	2
11949	2
11950	2
11951	2
11953	1
11955	1
11957	3
11958	1
11961	3
11962	4
11963	5
11965	1
11967	3
11968	2
11973	1
11976	2
11977	2
11980	2
11982	5
11985	3
11995	3
12006	5
12008	3
12010	4
12011	2
12022	1
12044	1
12048	5
12049	3
12052	3
12066	6
12070	4
12078	2
12079	4
12081	2
12083	2
12085	3
12089	1
12090	6
12092	5
12094	5
12097	1
12099	3
12101	1
12104	2
12105	2
12108	1
12112	5
12116	5
12129	1
12130	3
12134	6
12136	5
12137	2
12142	4
12144	7
12151	3
12152	2
12153	2
12156	1
12163	3
12166	2
12170	4
12171	3
12173	3
12177	4
12178	8
12180	1
12183	4
12187	2
12188	5
12198	3
12206	1
12210	2
12211	2
12213	2
12218	3
12220	8
12233	3
12234	7
12235	3
12247	4
12256	5
12258	7
12259	7
12262	4
12263	2
12265	2
12266	2
12267	2
12270	2
12281	5
33252	1
12325	3
12354	1
12355	5
12358	3
12369	6
12371	1
12381	3
12382	4
12386	1
12388	1
12391	2
12392	5
12393	1
12394	3
12399	2
12400	2
12404	1
12406	4
12409	11
12410	1
12413	1
12414	3
12416	2
12423	3
12426	1
12445	1
12459	1
12476	2
12479	1
12484	1
12485	2
12491	1
12493	2
12494	2
12496	1
12497	3
12498	3
12499	2
12504	1
12506	1
12508	9
12512	2
12514	3
12515	2
12516	2
12518	2
12521	2
12522	2
12523	2
12524	3
12525	3
12526	1
12527	1
12528	3
12529	3
12534	4
12536	2
12539	1
12540	1
12553	2
12554	1
12556	2
12559	1
12565	2
12567	3
12570	2
12571	2
12574	1
12575	2
12576	3
12584	1
12585	2
12589	2
12593	3
12595	1
12597	2
12601	3
12602	3
12607	3
12608	3
12610	2
12611	2
12612	2
12613	2
12614	1
12618	1
12619	3
12620	1
12621	2
12622	3
12624	2
12625	2
12626	2
12627	2
12628	3
12629	3
12630	2
12631	1
12632	3
12633	2
12634	2
12635	3
12636	3
12637	2
12647	3
12648	7
12650	1
12651	3
12653	3
12656	1
12670	1
12671	1
12673	1
12681	3
12687	1
12690	2
12691	2
12693	7
12694	4
12695	4
12696	2
12699	4
12703	1
12704	9
12705	1
12707	2
12708	1
12709	1
12710	1
12711	1
12712	4
12713	1
12716	2
12718	2
12719	2
12720	2
12721	2
12722	2
12724	5
12726	6
12727	3
12730	4
12732	3
12733	6
12734	5
12739	5
12740	3
12743	2
12745	2
12750	2
12751	4
12752	3
12754	3
12755	3
12756	3
12757	3
12758	4
12759	8
12761	6
12762	3
12763	6
12768	3
12769	4
12771	3
12772	4
12773	3
12774	1
12775	4
12776	6
12777	1
12778	1
12779	1
12780	2
12781	2
12782	5
12784	1
12785	5
12786	5
12787	4
12789	1
12793	2
12794	3
12797	4
12799	2
12801	5
12802	2
12803	2
12805	2
12806	2
12809	1
12812	5
12814	4
12815	1
12817	4
12819	2
12820	2
12824	3
12826	4
497	3
12835	1
12837	4
12838	2
12846	8
12847	4
12853	3
12864	2
12882	3
12890	4
33163	1
12899	1
12908	1
12915	5
12918	2
12926	1
12930	1
12933	1
431	3
13005	3
13033	1
13048	4
33170	3
32833	1
13156	1
13157	1
13218	3
13233	4
13251	2
13261	2
13262	1
13274	3
13275	3
13276	3
13277	3
13278	1
13280	1
13286	2
13288	2
13290	2
13291	2
13292	2
13293	2
13294	1
13298	1
13299	1
13300	4
13301	4
13302	4
13303	4
13304	4
13306	5
13310	3
13311	3
13313	3
13314	3
13335	3
13337	2
13344	4
13345	6
13348	1
13349	3
13353	2
13355	1
13356	1
13358	1
13359	1
13368	3
13369	5
13370	2
13374	4
13375	1
13376	3
13377	2
13380	5
13384	2
13386	1
13388	1
13396	3
13404	1
13410	1
13411	1
13412	1
13415	2
13418	1
13419	1
13421	2
13430	1
13438	2
13440	3
13441	3
13446	1
13447	4
13448	2
13449	5
13450	2
13452	2
13453	2
13455	7
13456	2
13459	1
13461	2
13462	4
13465	3
13468	1
13474	1
13475	2
13476	3
13477	3
13478	1
13479	1
13480	4
13482	5
13483	5
13484	4
13485	5
33478	1
13501	1
13503	1
13538	1
33042	1
13604	2
13657	1
24124	1
2281	3
91	1
13765	5
13776	3
13790	2
13795	1
13837	6
13853	2
13861	2
13868	4
13895	2
13906	3
32883	1
13940	1
13942	3
13943	2
13945	1
13947	3
13949	2
13958	2
13959	2
13960	2
13962	2
13963	2
13964	2
13965	2
13966	2
33014	4
13998	1
466	3
14007	1
14033	1
14046	4
14047	2
14053	2
14056	1
14058	1
14062	2
33202	1
14064	3
14069	4
14071	2
14073	5
14076	1
14077	1
14079	1
14080	4
14081	1
14083	3
14086	1
14087	1
14090	2
14092	2
14093	5
14095	1
14096	1
14098	1
14100	4
14101	3
14102	4
14103	4
14105	3
14106	3
14107	1
14116	1
14117	1
14119	1
470	2
14122	1
14123	3
14125	1
14126	1
14128	1
14133	1
14134	1
14135	2
14137	6
14138	6
14139	2
14140	3
14141	2
14142	1
14148	1
14149	2
14150	1
14151	5
14152	5
14154	5
14155	3
14156	2
14157	2
14161	3
14163	2
14164	2
14166	1
14167	2
14168	3
14169	1
14170	3
14171	3
14172	2
14173	1
14178	4
14180	1
14182	3
14183	3
14184	3
14185	4
14186	1
14187	3
14188	3
14189	3
14190	3
14196	1
14200	4
14201	4
14203	1
14204	1
14205	1
14206	4
14207	7
14210	1
14216	5
14218	3
14223	5
14224	2
14225	1
14227	1
14230	1
14232	2
14233	7
14237	2
14239	1
14241	7
14249	1
14250	1
14257	1
14260	5
14267	1
14268	1
14269	2
14272	1
14273	5
14278	3
14279	3
14280	2
14281	5
14285	5
14286	6
14288	6
14290	1
14292	3
14293	6
14296	6
14302	4
14306	1
14310	4
14311	5
14312	1
14313	3
14314	1
14316	1
14319	1
14325	1
14334	1
14336	2
14337	4
14339	2
14340	3
14343	4
14351	1
14353	4
14358	1
14359	5
14362	3
14367	3
14368	6
14369	1
14375	6
14379	1
14382	3
14383	1
14387	4
14388	2
14390	1
14392	2
14394	2
14395	3
14397	3
14401	4
14402	1
14404	3
14409	4
14410	2
14412	4
14416	3
14422	3
14428	1
14430	4
14431	3
14434	1
14435	3
14436	3
14445	6
14448	2
14453	2
14458	1
14461	2
14462	1
14472	4
14480	1
14485	3
14492	3
14496	1
14497	4
14512	1
14513	1
14519	1
14522	1
14524	1
14525	5
14535	1
14537	1
14551	5
14560	1
14564	1
14575	1
14579	3
14581	1
14586	1
14597	2
14606	4
14608	1
14610	4
14614	2
14615	5
14619	1
14620	6
14622	1
14628	3
14640	4
14646	5
14647	5
142	3
14705	1
14707	1
14732	5
14738	2
14780	3
14801	3
14804	1
493	1
14816	3
14839	1
15019	1
15038	1
15056	1
502	3
15089	3
15090	2
15100	1
15105	3
15107	1
15124	1
15142	2
15159	2
15201	2
15218	1
15221	2
15257	1
15267	2
15270	2
15277	4
15278	3
15281	2
15290	3
15291	4
15296	1
15307	4
15309	1
15312	1
15317	2
15339	2
15381	3
15418	3
15427	1
15430	2
15431	2
514	2
15445	3
15446	1
15449	3
15451	1
15452	2
15453	2
15455	3
15459	2
15470	4
15473	2
15480	2
15483	1
15485	1
15501	3
15502	3
15503	1
15504	1
15519	8
15524	1
15525	2
15527	2
15529	1
15550	1
15555	1
15556	1
15557	1
15558	3
15559	6
15565	2
15567	3
15570	1
15571	1
15576	1
15588	3
15606	3
15611	1
15612	1
15613	1
15616	1
15617	1
15618	1
15623	1
15626	1
15628	1
15630	3
15635	1
15639	2
15641	1
15642	1
15644	1
15645	1
15646	2
15658	1
15659	3
15660	1
15661	1
15665	1
15666	1
15670	2
15674	1
15677	1
15678	1
15680	2
15685	3
15686	3
15699	4
15701	2
15707	2
15708	2
15710	1
15711	1
15726	5
15727	5
15752	1
15754	1
15758	2
15770	5
15771	5
15782	6
15783	1
15785	1
15788	3
15796	1
15803	1
33260	3
15807	1
15827	5
15833	5
15834	2
15835	1
15837	1
15844	6
15861	7
15862	7
15863	7
15868	2
324	4
15923	1
15944	6
15957	1
15958	3
15963	4
15971	2
15981	3
15984	3
15986	1
15987	1
15993	4
15996	1
16002	1
16005	1
33267	2
16016	1
16051	3
16063	1
28040	2
16202	3
16204	3
16206	5
16207	5
16210	5
16211	3
16212	3
16213	3
16215	1
16216	2
16219	1
16222	2
16224	2
16225	1
16229	5
16230	1
16233	1
16234	5
16235	5
16237	7
16238	4
16239	5
16241	3
16242	5
16244	8
16245	7
16247	1
16254	6
16255	4
16256	8
16261	7
16266	4
16267	2
16268	2
16269	3
16270	3
16271	4
16273	1
16275	1
16276	2
16277	2
16281	3
16282	1
16283	2
16285	3
16288	3
16289	2
16291	1
16292	1
16294	4
16295	3
16299	3
16301	3
16302	2
16304	3
16305	3
16308	1
16314	2
16315	2
16316	3
16326	3
16327	2
16328	2
16329	1
16331	2
16334	2
16335	3
16338	2
16339	1
16342	1
16343	3
16344	3
16345	3
16346	1
16347	2
16348	2
16349	7
16354	2
16355	4
16356	2
16358	3
16359	3
16360	1
16362	3
16363	1
16365	1
16368	1
16369	2
16373	1
16376	5
16379	1
16380	4
16381	3
16382	2
16392	5
16393	1
16397	1
16398	1
16400	2
16405	3
16407	2
16408	4
16417	2
16424	3
16425	4
16428	4
16429	1
16432	1
16433	3
16434	2
16438	4
16439	2
16442	2
16443	1
16444	1
16446	2
16451	2
16452	3
16455	3
16457	3
16458	1
16460	2
16462	3
16463	1
16468	2
16469	3
16470	2
16471	1
16475	1
16479	1
16481	1
16484	2
16487	2
16488	1
16493	1
16916	1
16496	2
16500	1
16503	1
16506	1
16507	1
16510	2
16515	1
16518	1
16522	2
16523	1
16524	2
16527	5
16530	3
16532	3
16534	2
16537	1
16542	4
16543	1
16544	3
16547	1
16550	1
16551	2
16554	5
16555	1
16557	5
16558	4
16561	2
16562	1
16563	3
16565	2
16567	1
16569	6
16570	1
16573	3
16574	2
16575	2
16576	1
16577	6
16580	2
16581	1
16582	4
16585	2
16586	1
16587	1
16588	5
16589	2
16590	2
16591	1
16592	7
16605	2
16608	4
16612	3
16613	1
16614	3
16616	2
16629	2
16632	1
16636	4
16642	3
16643	3
16644	1
16646	4
16647	1
16650	3
16651	2
16652	2
16653	1
16654	1
16655	1
16656	3
16657	1
16660	2
16661	1
16662	3
16665	1
16667	2
16669	2
16671	2
16673	1
16674	3
16678	3
16679	3
16681	2
16685	2
16686	1
16688	2
16689	1
16690	2
16691	1
16692	2
16695	1
16696	1
16699	2
16700	3
16701	3
16702	7
16704	1
16706	3
16707	2
16708	2
16710	3
16711	3
16713	3
16714	2
16715	3
16718	1
16720	2
16721	1
16724	1
16725	1
16727	1
16730	1
16733	1
16742	2
16743	4
16753	1
16756	1
16758	2
16759	1
16764	1
16765	1
16783	1
16785	1
16789	1
16799	1
16801	1
16804	1
16806	3
16807	4
16808	1
16810	2
16811	4
16812	2
16814	1
16818	1
16819	2
16820	3
33294	5
16827	3
16828	2
16840	2
16846	2
16848	4
16849	4
16850	1
16851	1
16856	4
16858	1
16861	1
16863	4
16865	1
16867	1
16874	2
16876	1
16886	2
16887	1
16897	3
16899	3
16900	4
16901	4
16907	1
16909	1
33498	2
16912	1
16914	2
33297	1
240	1
16928	1
16932	1
16938	1
16939	2
16940	3
16941	1
33298	1
16947	1
16956	1
16961	1
16965	2
16966	4
16968	1
16970	1
16975	1
16976	1
16983	1
16991	1
16992	1
16993	2
16995	1
16998	1
17005	1
17011	1
17028	1
17032	1
17034	1
17040	1
17046	1
17047	1
17048	2
17049	3
17051	3
17052	3
17053	3
17064	5
17065	4
17066	4
17067	2
17068	2
17069	1
17071	1
17072	1
17074	4
17075	3
17076	1
17077	1
17079	6
17081	3
17084	1
17088	1
17089	1
17090	7
17092	3
17094	7
17100	2
17104	3
17105	3
17107	3
17111	3
17112	1
17117	3
17118	2
17119	2
17121	2
17124	2
17125	1
17126	1
17127	2
17128	1
17132	3
17134	4
17135	1
17137	1
17138	1
17141	2
17142	4
17149	2
17150	2
17151	1
17153	2
17155	5
17157	2
17160	1
17164	4
17168	4
17172	4
17173	1
17175	1
17176	4
17177	4
17178	4
17179	1
17182	1
17183	2
17184	1
17187	3
17191	1
17194	5
17196	1
17197	1
17198	1
17202	4
17203	8
17207	3
17209	1
17213	3
17221	1
17222	1
17224	2
17225	2
17226	5
17227	1
17230	2
17234	3
17235	3
17237	3
17238	3
17240	8
17242	1
17243	2
17244	3
17246	1
17247	3
17250	1
17251	2
17253	4
17258	2
17265	1
17267	5
17268	2
17273	4
17275	2
17276	1
17277	1
17278	3
17281	4
17282	2
17284	2
17287	2
17289	4
17290	1
17291	1
17292	1
17294	1
17295	1
17296	1
17297	1
17298	2
17303	2
17304	1
17308	1
17309	1
17310	1
17312	1
17314	1
17315	1
17316	1
17317	1
17318	1
17319	1
17321	1
17322	3
17324	2
17325	2
17326	2
17327	2
17328	2
17329	2
17331	4
17332	1
17335	5
17336	3
17340	3
17341	1
17344	2
17348	4
17352	4
17353	4
17354	4
17356	2
17357	6
17360	2
17361	9
17363	1
17364	2
17366	6
17368	2
17371	1
17373	2
17374	2
17375	5
17377	1
17380	4
17381	1
17385	4
17389	2
17390	2
17392	1
17393	2
17395	5
17400	5
17401	2
17402	3
17403	1
17406	5
17407	1
17408	1
17410	2
17413	2
17417	1
17418	6
17420	4
17421	3
17423	2
17424	7
17425	3
17428	5
17429	1
17433	1
17453	1
17463	3
17465	1
17477	3
17478	3
17484	4
17485	5
17486	5
17490	5
17491	5
17492	3
17493	3
17494	3
17499	2
17510	2
17511	4
17512	4
17514	1
17518	1
17519	1
17520	1
17525	1
17528	1
17530	1
17535	3
17536	3
17537	1
17538	1
17539	3
17541	1
17543	1
17551	4
17552	1
17554	1
17555	4
17556	2
17557	1
17558	2
17559	1
17561	2
17562	1
17563	4
17564	3
17566	1
17568	4
17570	4
17571	3
17572	4
17582	3
17588	3
17590	3
17591	2
17593	4
17597	6
17602	2
17603	1
17604	1
17613	2
17614	3
17619	1
17623	2
17624	5
17626	5
17628	2
17629	3
17633	2
17636	2
17637	2
17640	3
17641	3
17643	1
17644	1
17648	4
17649	4
17650	3
17651	3
17653	2
17655	2
17657	3
17659	1
17660	6
17661	2
17662	4
17663	1
17665	3
17666	2
17668	5
17678	5
17679	6
17680	6
17681	6
17682	6
17684	3
17686	1
17691	9
17692	6
17693	3
17702	3
17705	4
17707	7
17708	7
17709	9
17710	9
17711	1
17712	2
17713	3
17717	4
17718	2
17719	2
17721	2
17726	6
17727	1
17729	2
17730	2
17736	2
17737	1
17742	1
17743	3
17747	3
17749	6
17751	4
17752	4
17753	2
17754	3
17755	3
17758	5
17760	2
17761	5
17764	1
17765	1
17766	2
17767	1
17770	1
17772	1
17773	1
17774	1
17778	3
17779	3
17782	3
17783	3
17789	5
17790	1
17794	3
17796	2
17797	2
17798	2
17807	3
17809	3
17810	1
17811	1
17813	1
17814	4
17815	5
17816	3
17820	8
17821	3
17823	1
17824	2
17827	2
17828	2
17834	1
17836	1
17837	1
17838	2
17839	3
17840	2
17842	1
17846	4
17847	1
17851	5
17862	2
17875	5
17879	5
17882	3
17922	4
17924	1
17939	4
17989	2
17993	1
17994	1
17995	4
33333	1
18002	1
18006	2
18008	3
18011	2
18019	1
18024	2
18025	3
18026	4
18033	1
18036	1
18037	1
18044	2
18075	2
18077	4
18094	8
18131	5
18141	3
18167	1
18175	1
18178	1
18179	1
18191	2
18218	2
26953	5
18250	2
18304	3
18305	1
18320	3
18323	1
18324	4
30361	1
33344	1
18382	4
18384	1
18393	3
18395	4
18397	1
18400	1
18401	1
18403	1
18405	2
18410	3
33500	1
18448	2
18454	4
18455	4
18460	1
18464	2
18465	2
18469	3
18472	2
18477	2
33349	1
33075	1
18536	1
18539	1
18540	1
18552	3
18554	3
18557	4
33352	1
18581	2
18602	1
18606	2
18607	2
18621	2
18622	1
18624	2
18625	2
18627	1
18629	1
18630	2
18668	1
18669	1
18731	2
18737	3
33675	1
18764	2
18783	4
18798	1
18799	1
18837	2
18855	1
18857	2
18860	4
18868	1
18922	2
18998	1
19007	1
19012	2
19013	1
19024	1
19038	3
19044	4
19045	4
19046	4
19057	4
19064	3
19067	4
19068	4
19070	4
19071	5
19072	4
19073	4
19087	3
19130	1
19139	1
19145	3
19165	1
19168	2
19170	3
19177	1
19178	2
33516	3
19258	3
19293	1
19309	1
19310	1
19313	3
19323	1
19325	2
19328	1
19335	2
19338	4
19362	2
19365	1
19369	1
19373	1
19382	3
19388	2
19389	1
19392	1
19393	1
19403	3
19404	3
19407	2
19416	1
19427	1
19440	1
19465	2
19493	2
19495	2
19500	1
19502	2
19507	2
19508	1
19509	2
19516	1
19519	1
19520	3
19522	2
19531	1
19538	1
19540	2
33385	2
19560	2
19623	2
19654	2
19655	1
19661	1
19666	2
19691	1
19695	1
19702	3
19714	1
19732	1
19755	1
3295	1
19848	1
19851	7
19855	7
19856	7
19857	7
19858	7
19860	1
19871	3
19872	1
19873	3
19874	2
19878	3
19879	3
19881	3
19888	4
19898	1
19899	3
19904	1
19905	1
19906	4
19907	4
19909	3
19911	2
19913	4
19914	5
19916	1
19917	2
19918	3
19924	3
19927	4
19928	4
19929	3
19938	1
19939	4
19940	4
19942	3
19944	1
19946	2
19947	1
19953	1
19957	3
19958	3
19961	3
19963	4
19969	4
19970	3
19971	3
19977	5
19980	5
19981	3
19984	4
19985	3
19987	2
19991	1
19996	2
19998	2
20004	3
20005	5
20006	2
20021	1
20024	1
20026	1
20028	1
20032	1
20033	1
20039	1
20048	4
20064	3
20066	1
20086	1
20101	2
20115	1
20127	1
20137	1
20143	1
20155	1
20162	1
20164	1
20167	1
20178	3
20186	1
20197	1
20222	1
20223	1
20224	2
20233	3
20241	1
20266	2
20268	1
33305	1
20294	3
20321	2
20326	1
20329	3
20337	2
20338	1
20340	4
20344	1
20347	2
20357	1
20365	1
20366	1
20368	1
20400	1
20403	1
20406	1
20411	2
20415	3
20416	2
20419	5
20420	1
20427	1
20428	1
20430	1
20431	1
20432	1
20433	1
20434	1
20437	1
20440	3
20444	1
20446	8
20447	3
20450	1
20451	3
20452	1
20453	1
20455	8
20461	8
20462	1
20464	1
20465	1
20466	3
20467	3
20468	1
20469	4
20470	3
20471	1
20498	1
20499	1
20513	1
20514	1
20515	1
20518	1
20520	3
20526	5
20527	1
20529	4
20535	1
20552	2
20566	4
20594	4
20607	3
20609	3
31125	3
20618	4
20621	3
20629	6
20653	5
20658	1
20667	5
20672	2
20691	8
20693	7
33526	2
20765	1
20766	4
20775	7
20776	7
20779	3
20787	2
20791	6
20792	2
20794	1
20795	4
20796	4
20797	5
20799	1
20814	4
20823	1
20852	1
20853	3
20868	3
20869	3
20870	1
20871	3
20872	1
20873	1
20874	3
20875	5
20876	1
20879	1
20880	1
20881	4
20883	4
20884	3
20886	2
20888	3
20889	4
20890	3
26883	1
20905	3
20906	2
20912	1
20916	1
20917	2
20918	3
20920	4
20921	6
20923	2
20924	4
20926	3
20930	3
20931	4
20944	4
20951	2
20965	1
20966	1
20993	1
20998	3
21016	1
21018	1
21050	4
21058	3
21082	1
21100	2
21118	2
21127	1
21143	1
21154	2
21160	3
21163	2
21165	3
21168	2
21169	4
21170	3
21171	3
21175	1
21176	1
21177	2
21179	6
21182	1
21191	4
21195	1
32980	1
21304	1
33531	3
21522	1
21590	4
21601	3
21604	1
21605	3
21624	2
21653	2
3625	2
21766	1
21771	2
21827	1
21867	1
21892	1
21896	3
21930	2
21950	2
21981	1
21998	2
22068	1
22077	1
22088	2
22103	2
22114	3
22120	3
22143	1
22165	1
22170	2
22214	2
22216	2
22230	3
22245	3
22259	1
22267	1
22270	2
22279	3
22295	5
22296	3
22299	3
22300	1
22301	1
22303	1
22307	1
22308	2
22314	1
22317	1
22318	1
22319	1
22322	2
22324	2
22326	2
22327	2
22331	3
22333	1
22334	1
22335	3
22336	3
22337	2
22340	1
22341	1
22344	1
22348	3
22354	1
22355	3
22361	1
22362	3
22363	1
22366	3
22369	1
22370	1
22372	1
22380	6
22386	2
22387	2
22388	1
22390	1
22397	4
22401	1
22403	2
22422	2
22425	5
22428	1
22429	2
22430	1
22431	4
22432	4
22433	1
22434	2
22445	1
22446	2
22447	1
22450	1
22452	1
22454	1
22455	3
22456	1
22457	2
22459	1
22460	1
22461	3
22462	1
22463	2
22471	5
22473	3
22477	1
22479	1
22481	1
22482	5
22483	5
22485	4
22486	1
22487	5
22489	2
22490	3
22493	1
22495	1
22496	1
22497	3
22498	1
33483	2
22503	1
22504	1
22505	1
22516	1
22520	3
22525	1
22527	1
22528	1
22531	1
22554	2
22592	2
22612	1
22618	3
33539	3
33488	3
33489	3
22694	6
22695	7
22697	1
22747	2
22751	3
22781	2
22787	2
22802	1
22804	3
22805	3
22816	2
22820	1
22822	1
22824	2
22825	2
22826	4
22827	6
22828	1
22829	1
22831	3
22834	4
22837	2
22838	1
22839	1
22840	1
22842	2
22843	2
22844	6
22846	1
22847	3
22850	1
22851	1
22852	2
22855	2
22856	4
22857	1
22858	2
22859	5
22861	6
22863	4
22864	1
22865	6
22867	4
22870	6
22872	2
22874	5
22876	2
22880	1
22881	3
22882	1
22888	6
22889	1
22890	2
22891	2
22892	1
22894	1
22895	1
22896	2
22897	3
22898	2
22899	2
22903	1
22905	2
22906	1
22908	3
22909	2
22910	2
22911	6
22913	3
22914	1
22915	1
22916	1
22917	6
22918	6
22919	1
22920	2
22921	3
22923	3
22925	1
22926	6
22928	2
22929	1
22931	1
22934	1
22936	2
22937	6
22938	4
22943	2
22944	1
22948	1
22950	6
22952	1
22954	1
22955	3
22956	1
22957	1
22961	1
22962	3
22963	6
22964	1
22965	1
22969	4
22973	2
22975	1
22978	1
22981	4
22983	3
22984	3
22985	3
22987	1
22995	4
22997	3
22999	1
23001	1
23004	4
23007	1
23008	2
23010	4
23012	4
23014	10
23019	4
23023	3
23024	3
23025	2
23028	3
23029	4
23030	1
23032	4
23034	7
23035	3
23036	4
23042	4
23043	2
23046	4
23047	4
23048	2
23049	5
23051	3
23052	1
23053	4
23057	1
23059	1
23060	2
23061	2
23062	2
23063	5
23064	4
23066	4
23067	2
23068	2
23069	1
33502	1
23073	3
23079	2
23080	4
23081	1
23084	1
23085	1
14120	1
33503	1
33324	3
9318	3
4657	2
23172	2
32888	1
23206	3
23208	3
23209	4
23236	1
23237	1
23239	1
23240	1
23241	1
23242	1
23251	1
33508	1
23254	3
23256	1
23257	4
23258	2
23261	1
23265	3
23266	3
23268	1
23269	1
23270	1
23273	1
23274	3
23275	3
23276	3
23277	3
33509	3
155	3
23317	2
33511	1
23424	4
23427	5
23428	3
23431	3
23432	3
23434	5
23435	2
23436	2
23437	5
23438	1
23444	2
23445	2
23449	3
23450	3
23452	1
23454	4
23455	5
23456	2
23457	5
23458	5
23461	3
23463	1
23464	3
23470	4
23475	4
23477	2
23479	3
23481	1
23482	1
23484	4
23489	1
23490	1
23491	4
23492	2
23493	4
23495	2
23496	2
23498	4
23499	1
23500	4
23501	5
23502	3
23503	1
23505	1
23506	1
23507	1
23508	2
23510	2
23511	2
23512	1
23513	4
23514	2
23515	4
23516	2
23517	3
23518	4
23519	2
23520	4
23521	2
23523	4
23525	3
23526	2
23527	1
23528	2
23529	2
23530	4
23531	1
23532	3
23533	1
23535	3
23536	2
23537	4
23538	2
23539	2
23540	1
23541	1
23542	1
23543	1
23544	3
23545	1
23546	3
23547	2
23550	2
23551	1
23552	1
23553	1
23554	2
23555	3
23556	2
23557	1
23559	2
33519	1
23585	6
23586	6
23588	1
23589	1
23590	2
23592	2
23593	1
23594	1
23597	2
23599	2
23600	7
23601	3
23607	1
23609	4
23612	2
23613	1
23637	1
23639	4
787	2
23642	4
23643	1
23644	3
23645	2
23646	1
23649	1
23651	3
23652	2
23653	1
23654	4
23655	2
23656	1
23657	3
23658	6
23659	4
23660	1
23661	4
23662	3
23663	2
23664	4
23665	2
23667	3
23668	2
23670	3
23671	2
23672	4
23676	4
23677	1
23678	5
23679	1
23680	2
23684	5
23685	3
23686	1
23687	1
23688	2
23689	3
23690	2
23691	2
23692	2
23693	4
23694	1
23695	2
23697	2
23698	5
23699	2
23700	1
23701	3
23702	1
23703	1
23704	1
23706	2
23707	1
23710	1
23711	2
23712	3
23713	5
23714	4
23715	2
23716	6
23717	6
23719	1
23720	2
23721	2
23722	1
23723	1
23724	1
23725	1
23726	1
23727	2
23729	3
23731	1
23733	2
23734	1
23735	1
23736	1
23737	1
23738	2
23740	1
23741	1
23742	1
23743	3
23744	2
23745	2
23746	2
23747	1
23748	7
23749	1
23751	4
23754	7
23755	7
23756	2
23758	2
25805	3
23760	1
23761	1
23762	4
23766	1
23769	1
23775	5
23776	1
23777	3
23778	3
23781	1
23783	4
23784	5
23786	4
23787	2
23788	3
23789	5
23790	4
23791	1
23792	2
23793	4
23794	5
23812	1
23822	1
23825	1
23829	1
23830	1
23831	2
23834	1
23835	2
23841	1
23842	1
23843	7
23844	7
23853	2
23854	2
23856	2
23858	4
23861	4
23862	1
23866	1
23867	1
23870	2
23871	1
23872	1
23880	2
23881	4
23890	3
23891	4
23897	1
23901	1
23905	2
23907	1
23912	2
23913	1
23915	2
23920	2
23921	3
23923	1
23930	1
23931	3
23933	2
23936	2
23937	2
23938	1
23939	4
23940	4
23941	3
23942	4
23944	2
23945	1
23946	5
23947	1
23948	1
23949	1
23950	1
23951	4
23953	3
23954	2
23955	3
23956	2
23957	5
23958	3
23960	2
23961	2
23962	2
23966	5
23976	1
23978	4
23979	1
23980	1
23984	1
23985	1
23989	4
23990	3
23992	1
23993	3
23999	3
24020	1
24021	4
24026	2
24027	5
24030	5
24086	1
33536	4
24095	1
24098	3
24099	2
24100	3
24101	2
24105	1
24106	1
24107	5
24108	5
24109	5
24112	1
24115	1
24116	1
24121	1
24122	1
24123	1
33537	1
24128	1
24129	1
24135	4
24137	1
24138	4
24140	3
24142	1
24156	2
24162	2
24164	1
24165	4
24167	3
24168	4
24171	1
24172	2
24175	2
24184	1
24187	4
24192	1
24193	7
24195	1
24200	2
24222	5
24236	1
24237	3
24242	1
24273	4
24274	1
24304	3
24318	2
4059	3
24371	2
24372	1
24403	4
24448	4
24546	1
24565	1
24575	2
24579	1
24627	5
24645	1
24656	1
24661	1
24662	2
33555	1
24667	2
24692	2
24694	2
24696	1
24698	1
24699	3
24702	1
24707	2
24709	1
24711	4
24712	4
24716	1
24734	1
24738	1
24741	1
24746	1
824	4
24753	1
24758	2
24768	2
24786	3
24797	1
24798	1
24804	2
24806	1
24808	1
24814	1
24815	1
24817	1
24818	1
24824	3
24829	1
24830	2
24836	2
24842	1
24844	1
24846	1
24848	1
24853	1
24854	2
24855	1
24863	3
24864	1
24865	3
24866	3
24867	1
24876	5
24880	1
24882	2
24884	2
24885	1
24886	2
24887	2
24888	2
24890	1
24891	1
24892	3
24893	3
24894	4
24896	5
24897	6
24898	6
24899	1
24901	1
24902	6
24903	3
24904	3
24905	2
24911	1
24912	1
24913	2
24914	1
24915	2
24917	5
24918	1
24919	1
24920	6
24921	1
24922	2
24926	1
24927	1
24928	1
24929	1
24931	4
24932	1
33564	1
24936	2
24939	1
24943	2
24960	1
33565	1
24972	1
24990	1
24991	2
33566	2
33569	3
33570	1
25182	2
25211	5
443	2
33160	1
25483	1
25502	2
25532	2
25541	1
25593	2
25604	2
25650	3
25653	6
25654	5
25655	3
33589	2
25694	2
25703	7
25705	2
25708	3
25710	5
25720	1
1735	3
25752	2
25759	2
25763	2
25770	3
25771	3
25774	4
25778	1
25779	1
25783	3
25784	1
25785	4
25788	5
25790	3
25792	2
25794	2
25795	2
25800	1
25803	1
25812	1
25815	3
25825	1
25848	3
25888	3
25893	1
25911	2
25922	3
33597	4
25940	2
25956	2
25958	3
26008	4
26018	1
26019	2
26025	5
26026	1
26027	4
26028	4
26030	3
26031	4
26033	3
26034	2
26036	1
26042	1
26048	1
26051	1
26052	3
26055	1
26059	1
26060	2
26070	3
26072	2
26076	1
26078	1
26084	1
26087	1
26089	1
26093	3
26097	1
26102	1
869	1
26106	2
26108	1
26109	2
26111	2
26116	3
26117	1
26118	2
26120	2
26121	2
26124	1
26126	2
26128	1
26130	2
26138	2
26140	1
26141	1
26142	2
26143	1
26144	1
26145	1
26146	1
26147	1
26148	4
26153	4
26155	2
26158	2
26164	2
33605	1
26169	2
26171	2
26180	1
26182	2
26183	1
26189	1
26190	1
26191	3
26192	2
26193	2
26194	1
26195	1
26201	3
26202	1
26203	1
26206	2
26207	2
26211	1
26213	1
26215	2
26216	3
26217	2
26218	2
26220	2
26222	1
26223	5
26229	1
26231	1
26235	2
26241	3
26242	1
26243	2
26252	3
26254	2
26257	1
26258	5
26260	1
26262	1
26263	1
26264	1
26265	1
26266	1
26267	1
26268	1
26270	2
26271	3
26272	1
26273	3
26274	3
26279	2
26280	2
26281	1
26283	2
26289	2
26296	7
26297	1
26299	2
26301	1
26304	1
26305	2
26306	1
26308	1
26309	1
26310	2
26314	1
26316	1
26323	1
26324	1
26326	1
26330	3
26331	1
26336	1
26342	1
26344	1
26346	1
26347	1
830	1
26355	2
26362	3
26372	4
26385	1
26389	3
612	1
26404	1
26410	4
26417	1
26420	1
26430	1
26431	1
26432	1
26438	1
26440	1
26441	1
26448	2
26456	1
26463	1
26475	4
26478	1
26482	1
26485	1
26488	1
26491	1
26492	1
26494	3
26502	1
26506	1
26510	2
26511	1
26513	1
26525	1
26526	1
26527	1
26528	1
26529	1
26530	3
26534	1
26536	4
26537	4
26538	4
26542	1
26543	1
26544	1
26547	1
26548	1
26549	1
26550	1
26551	1
26552	1
26553	1
26554	1
26556	1
26558	1
26559	1
26560	1
26561	1
26562	1
26569	1
26575	1
26576	5
26579	1
26580	1
26582	1
26583	3
26584	2
26585	1
26587	2
26589	1
26593	2
26603	3
26605	1
26611	2
26612	2
26616	2
26618	1
26619	1
26621	1
26624	1
26626	2
26627	2
26634	3
26635	1
26638	2
26648	2
26649	4
26650	1
26655	1
26656	4
26658	1
26659	1
26660	3
26662	2
26666	1
26667	1
26668	1
26669	2
26670	2
26672	1
26676	3
26678	5
26679	2
26681	4
26682	2
26683	1
26684	1
26689	1
26690	1
26691	1
26692	1
26697	1
26706	2
26708	2
26711	3
26712	3
26723	2
26724	2
26725	1
26727	2
26729	1
26730	3
26732	1
26733	2
26737	1
26740	1
26742	2
26743	3
26744	4
26745	1
26747	1
26748	1
26750	1
26753	2
26754	1
26756	3
26762	4
26765	4
26770	2
26774	3
26777	2
26778	1
26779	1
26781	1
26785	1
26792	1
26796	2
26797	2
26798	2
26799	2
26800	2
32912	1
26812	2
26817	6
26825	2
26830	5
26836	2
26837	2
26842	3
26846	4
26848	4
26849	1
26851	3
26858	1
26868	1
26871	1
26872	3
26873	2
26874	1
26878	2
26880	6
26892	1
26895	1
26907	1
26914	1
26918	3
26919	2
26921	2
26936	2
26939	1
26941	6
26943	1
26944	1
26945	1
26946	1
32913	1
26962	3
26963	1
26965	2
26968	3
26969	3
26970	3
26984	4
26985	3
26993	1
26999	3
27006	2
27010	1
27018	2
27022	1
27023	4
27025	2
27027	3
27029	1
27032	2
27033	4
27035	4
27038	1
27044	5
27048	1
27052	1
27053	3
27057	2
27059	2
27062	1
27063	3
27067	1
27068	1
27070	1
27071	1
27074	2
27075	2
27078	2
27079	4
27081	3
27084	2
27086	2
27087	2
27093	2
27095	2
27097	1
27101	1
27104	2
27105	3
27108	1
27109	5
27111	3
4519	3
27118	2
27120	1
27121	2
27123	2
27127	1
27128	3
27130	3
27133	3
27136	3
27138	3
27139	3
27140	2
27141	1
27143	4
27146	4
27150	4
4525	6
27153	2
27154	3
27155	2
27157	3
27158	4
27159	4
27160	3
27163	1
27164	1
27165	2
27166	1
27168	4
27169	1
27170	3
27171	1
27172	1
27173	7
27175	6
27176	6
27178	2
27181	6
27182	4
27185	4
27187	4
27188	1
27190	4
27193	1
27194	6
27197	2
27201	2
27202	4
27205	1
27212	1
27215	1
27216	2
27218	2
27219	3
27220	3
27221	3
27222	3
27223	3
27224	1
27225	3
27226	1
27227	1
27228	1
27229	1
27230	1
27232	1
27233	1
27234	2
27235	1
27238	2
27239	1
27240	1
27243	1
27248	2
27249	2
27250	10
27251	1
27252	2
27253	2
27255	2
27257	6
27258	6
27259	1
27260	2
27261	1
27262	2
27263	3
27264	3
26390	3
27272	2
27274	3
27276	1
27281	3
27282	1
27283	1
27284	2
27285	1
27286	4
27288	3
27289	4
27290	3
27292	2
27294	3
27306	1
27307	1
27308	1
27312	3
27313	3
27315	1
27319	2
27321	3
27322	3
27333	1
27335	1
27336	3
27338	3
27339	1
27344	3
27345	3
27347	3
27348	3
27349	3
27389	1
27422	3
27425	3
27428	1
27429	1
27431	3
27435	2
27436	3
27459	3
32901	1
27487	1
27488	3
27491	4
27492	3
27493	4
27495	1
27496	2
27499	5
27500	3
27501	7
27503	7
27504	4
27508	1
27509	5
27510	1
27511	2
27512	1
27513	2
27514	4
27516	4
27517	3
27518	2
27519	4
27520	4
27521	2
27522	2
27523	1
27524	3
27525	3
27526	7
27527	7
27528	3
27529	5
27530	2
27531	3
27532	3
27533	1
27535	3
27536	2
27537	2
27539	2
27540	3
27541	3
27542	3
27543	7
27545	5
27546	2
27548	3
27549	3
27554	1
27557	1
27559	1
27562	3
27564	1
27566	3
27567	1
27568	3
27569	1
27570	1
27573	2
27574	4
27583	1
27591	1
27596	1
27605	3
27609	1
27617	7
27621	1
27623	1
27626	1
27632	2
27633	1
27634	1
27641	2
27644	2
27649	1
27650	2
27651	1
27652	2
27653	3
27654	2
27655	3
27656	2
27657	2
27658	3
27659	1
27660	1
27661	1
27662	1
27663	3
27664	1
27665	1
27666	1
27667	1
27668	1
27669	3
27670	1
27673	1
27674	1
27675	1
27676	3
27677	3
27678	1
27679	1
27680	1
27683	1
27684	1
27687	1
27690	2
27691	2
27692	2
27694	2
27695	2
27696	2
27697	2
27698	2
27699	2
27700	2
27701	2
27702	2
27703	2
27706	1
27708	1
27715	2
27717	1
27719	1
27726	2
27728	1
27729	1
27730	1
27731	1
27734	1
27735	1
27736	1
27738	1
33687	2
27741	1
27746	1
27748	1
27749	1
27750	1
27751	1
27752	1
27754	1
27766	1
27772	1
27773	1
27777	1
27778	3
27784	6
27786	4
27801	2
27809	3
27816	1
33660	1
32919	2
27873	2
27881	2
27929	1
27938	1
27939	4
27969	1
27976	3
27982	3
27983	3
27985	1
27998	3
28016	3
28017	3
28029	1
28056	2
28060	2
28067	1
28070	1
33669	6
28126	1
28128	4
28130	3
28132	2
28133	3
28134	1
28137	2
28138	2
28140	1
28145	3
28151	3
28152	1
32921	3
28161	6
28170	1
28174	9
28176	9
28179	1
28181	1
28184	1
28192	1
28196	1
28205	1
28209	5
28210	1
28211	2
28221	1
28222	1
28223	1
28224	1
28226	2
28232	1
28233	2
28239	1
28240	1
28242	1
28246	1
28247	1
28249	1
28251	1
28252	1
28253	1
28254	1
28255	3
28257	4
28262	3
28268	2
28271	3
28273	1
28279	1
28284	1
28285	1
28287	1
28288	2
28289	1
28290	4
28291	1
28292	1
28293	1
28295	2
28296	1
28297	4
28303	1
28304	1
28310	1
28311	2
28312	1
28313	2
28314	2
28315	2
28316	1
28318	3
28319	2
28320	3
28324	1
28326	3
28328	3
28334	3
28335	3
28336	3
28337	2
28338	2
28339	2
28340	2
28341	2
28342	2
28343	2
28344	1
28351	2
28353	2
28354	2
28355	4
28356	2
28357	2
28358	2
28361	2
28362	1
28363	3
28366	3
28370	4
28371	1
28372	1
28373	1
28376	1
28378	1
28379	3
28380	1
28381	1
28382	1
28383	1
28385	1
28386	3
28387	1
28390	1
28391	1
28392	1
28393	1
28395	1
28398	1
28399	3
28400	1
28403	1
28406	1
28407	1
28408	3
28410	4
28411	2
28412	3
28414	2
28415	2
28416	1
28418	2
28419	2
28420	2
28421	1
28424	4
28427	3
28430	1
28433	3
28436	3
28437	1
28438	2
28439	1
28440	2
28441	1
28443	1
28444	1
28446	1
28449	3
28450	3
28453	1
28458	2
28459	3
28460	1
28462	3
28463	1
28464	1
28466	7
28467	7
28468	1
28469	3
28473	1
28474	7
28475	7
28478	1
28479	1
28481	1
28482	3
28483	3
28484	5
28486	2
28487	1
28488	1
28489	1
28493	1
28494	2
28497	1
28498	2
28499	4
28501	1
28502	1
28506	2
28507	2
28509	1
28510	2
28513	1
28515	1
28516	3
28517	1
28518	2
28519	1
28521	1
28522	1
28523	1
28525	1
28527	1
28530	1
28531	2
28532	1
28533	2
28534	2
28536	2
28537	1
28538	3
28539	3
28540	2
28541	2
28542	2
28544	3
28546	2
28547	1
28548	1
28549	1
28550	1
28551	3
28552	1
28553	2
28554	2
28557	4
28558	4
28559	1
28561	1
28562	3
28563	2
28569	2
28570	2
28571	3
28573	3
28575	3
28579	3
28580	1
28581	1
28582	5
28583	1
28584	1
28587	5
28588	1
28589	2
28590	2
28591	3
28592	5
28593	1
28595	1
28597	1
28598	1
28599	1
28600	1
28601	1
28602	3
28603	1
28605	5
28606	2
28607	5
28608	5
28610	1
28611	1
28614	4
28615	2
28617	6
28618	4
28619	2
28621	3
28622	3
28623	1
28625	1
28627	1
28628	2
28629	1
28630	3
28631	4
28632	3
28634	3
28636	3
28637	1
28640	2
28642	2
28644	2
28646	2
28650	2
28653	2
28654	1
28655	1
28657	1
28658	1
28659	1
28660	3
28661	1
28667	2
28668	2
28669	4
28670	3
28671	2
28672	2
28673	2
28674	1
28675	3
28676	3
28677	2
28678	1
28682	1
28683	1
28684	4
28687	4
28688	4
28690	1
28691	2
28693	4
28694	2
28697	4
28698	1
28700	4
28701	2
28702	1
28704	2
28705	4
28707	4
28708	4
28709	4
28711	4
28713	2
28714	4
28716	4
28718	4
28720	2
28721	3
28722	2
28723	4
28725	3
28726	4
28728	2
28729	4
28730	4
28731	4
28732	4
28733	4
28734	1
28735	4
28736	4
28738	2
28740	2
28741	3
28742	3
28743	1
28744	3
28745	2
28746	3
28747	3
28748	1
28749	2
28750	3
28751	1
28753	2
28754	4
28755	2
28760	1
28761	1
28762	1
28763	2
28764	1
28765	2
28767	4
28768	2
28770	5
28773	1
28775	1
28777	3
28778	1
28779	2
28781	2
28782	1
28784	2
28785	1
28786	2
28787	1
28788	2
28790	2
28791	3
28792	8
28793	2
28794	6
28795	4
28802	2
28803	3
28804	1
28806	1
28809	3
28811	1
28812	3
28813	1
28817	3
28818	1
28819	1
28820	3
28821	3
28822	1
28823	1
28825	4
28827	1
28828	1
28829	4
28830	5
28831	5
28833	2
28834	1
28835	1
28836	3
28837	4
28838	3
28839	1
28840	1
28842	1
28843	3
28844	1
28845	2
28846	1
28847	2
28848	1
28849	1
28852	2
28853	1
28854	2
28855	2
28856	1
28857	1
28858	1
28860	1
28862	1
28863	1
28866	1
28867	1
28868	1
28869	3
28870	3
28872	2
28873	1
28876	3
28878	1
28879	3
28880	5
28882	1
28883	2
28884	1
28885	3
28886	5
28887	1
28888	4
28892	1
28893	1
28895	1
1435	3
28938	2
28996	4
29015	3
33700	5
17334	3
968	2
29092	2
29094	3
29096	1
33582	3
29136	2
29138	5
29142	1
29146	2
29156	1
29158	2
29161	2
29163	3
29169	1
29175	2
29177	5
29179	1
29182	1
29189	1
29194	1
29230	1
29238	1
29242	1
29243	2
29246	1
29251	3
29252	1
29282	3
29289	4
29293	3
29297	1
29301	1
29302	1
29372	2
29378	1
29387	5
29392	4
29396	2
29448	2
29504	1
29506	3
29508	5
29511	1
29513	5
29514	2
29516	5
29517	4
29518	5
29519	1
29520	1
29521	1
29522	1
29523	3
29524	3
29525	3
29527	2
29528	3
29529	4
29531	3
29532	3
29534	3
29539	3
29540	3
29542	3
29543	3
29544	3
29545	3
29546	2
29547	3
29548	3
29550	1
29551	1
29552	1
29553	3
29554	1
29555	1
29556	1
29557	1
29558	1
29559	1
29560	1
29561	1
29562	3
29563	1
29564	1
29567	1
29570	1
29571	1
29572	1
29573	1
29574	1
29575	2
29576	4
29577	4
29578	1
29579	1
29580	4
29581	4
29582	1
29583	4
29585	4
29586	3
29587	4
29588	5
29589	4
29590	4
29591	2
29593	2
29594	5
29595	4
29596	2
29597	4
29598	2
29599	4
29600	5
29601	4
29602	5
29603	3
29606	1
29607	1
29609	4
29610	4
29611	2
29612	4
29614	3
29616	1
29620	1
29621	1
29622	1
29626	3
29628	1
29629	1
29630	1
29631	3
29632	3
29634	2
29636	3
29637	3
29639	1
29640	1
29641	3
29642	1
29643	3
29645	3
29646	1
29647	3
29648	2
29650	3
29651	1
29652	2
29653	3
29654	3
29658	1
29663	2
29664	2
29665	2
29669	3
29678	2
29683	1
29685	1
29686	2
29693	1
29696	1
29697	1
29698	1
29699	1
29700	3
29701	1
29702	3
29703	3
29705	1
29708	1
29710	6
29712	2
29719	1
29722	1
29725	1
29727	2
29732	2
29733	2
29734	2
29735	2
29736	2
29737	2
29738	2
29739	1
29740	1
29741	1
29742	1
29743	1
29746	2
29749	3
29755	1
29757	2
29758	3
29761	1
29762	1
29763	2
29764	3
29765	3
29770	3
29771	3
29774	1
29775	3
29777	1
29780	3
29781	2
29782	2
29784	1
29785	1
29792	2
29793	2
29797	3
29799	2
29801	7
29803	3
29804	5
29805	4
29806	5
29807	5
29808	5
29809	7
29811	4
29812	3
29813	3
29814	3
29816	3
29817	3
29818	3
29819	3
29820	3
29821	1
29822	3
29823	3
29824	1
29825	4
29828	1
29829	3
29830	3
29831	1
29832	3
29833	2
29836	1
29838	4
29839	5
29840	1
29841	3
29842	3
29843	3
29845	5
29846	1
29847	3
29848	3
29849	1
29850	3
29851	1
29852	3
29854	2
29855	2
29856	1
29857	1
29859	3
29861	1
29862	1
29863	1
29864	3
29866	1
29868	1
29869	1
29870	1
29871	1
29872	3
29873	1
29874	3
29875	1
29876	4
29878	2
29879	1
29880	2
29881	1
29882	2
29883	2
29884	2
29885	1
29886	2
29887	2
29888	1
29889	1
29890	1
29891	1
29893	1
29894	1
29895	1
29896	1
29897	1
29899	2
29904	3
29905	3
29906	1
29908	2
29909	1
29911	1
29912	1
29913	1
29914	1
29915	3
29916	1
29917	1
29919	1
29920	1
29921	3
29922	2
29923	4
29924	2
29925	1
29926	3
29929	2
29930	1
29931	2
29932	3
29933	1
29941	3
29943	3
29945	1
29946	3
29948	3
29949	3
29950	3
29951	1
29952	1
29953	2
29954	3
29955	1
29956	3
29958	2
29959	1
29960	1
29961	3
29963	1
29964	1
29965	1
29966	1
29967	1
29968	1
29969	1
29970	1
29971	1
29972	1
29974	1
29975	1
29977	1
29978	1
29979	1
29980	1
29981	1
29982	3
29983	1
29984	3
29985	1
29986	1
29987	4
29988	1
29989	1
29990	3
29992	5
29993	1
29995	2
29996	3
29997	1
29999	1
30004	1
30006	2
30007	1
30008	2
30009	1
30010	1
30012	1
30014	1
30017	2
30019	5
30020	4
30021	4
30022	2
30023	2
30025	2
30026	2
30029	1
30030	3
30032	1
30033	2
30034	1
30035	4
30036	3
30038	1
30039	1
30040	1
30041	1
30042	1
30044	2
30045	2
30046	2
30047	2
30048	1
30050	4
30051	2
30052	2
30053	4
30054	1
30055	4
30057	1
30058	1
30060	1
30061	3
30062	1
30063	1
30064	1
30065	6
30066	2
30067	2
30068	1
30069	1
30071	1
30073	5
30074	1
30075	3
30076	2
30079	3
30080	3
30081	3
30082	2
30083	1
30086	1
30087	2
30088	3
30089	2
30090	2
30092	3
30093	2
30094	2
30100	3
30104	1
30105	2
30106	3
30107	3
30108	1
30109	2
30110	1
30114	1
30115	1
30116	1
30118	3
30119	1
30120	1
30121	1
30123	1
30124	1
30126	1
30128	1
30129	2
30130	2
30131	2
30132	2
30133	2
30135	2
30136	2
30137	2
30138	1
30139	1
30140	3
30141	3
30142	1
30143	2
30144	2
30146	2
30147	2
30148	3
30149	3
30150	5
30153	3
30154	3
30155	2
30157	3
30158	3
30160	3
30162	3
30164	1
30165	3
30167	1
30168	4
30169	3
30172	3
30173	3
30174	1
30175	3
30177	4
30178	1
30182	2
30183	2
30184	2
30185	2
30186	1
30187	3
30189	1
30190	2
30191	3
30192	2
30193	3
30195	3
30196	2
30197	3
30198	3
30199	2
30200	3
30202	3
30203	1
30205	3
30206	4
30207	1
30208	1
30209	1
30210	1
30211	3
30212	3
30213	4
30214	2
30215	3
30218	1
30222	3
30223	1
30225	6
30226	1
30227	2
30228	1
30229	1
30230	1
30231	1
30232	1
30233	2
30235	1
30237	2
30238	7
30239	3
30240	7
30241	3
30242	3
30244	5
30245	1
30246	5
30247	3
30248	1
30249	7
30250	7
30251	7
30253	1
30254	8
30256	7
30257	1
30259	1
30260	7
30261	1
30263	1
30264	1
30265	3
30266	3
30268	1
30269	2
30270	2
30271	2
30272	1
30273	1
30276	1
30277	2
30278	8
30279	7
30280	4
30281	7
30282	4
30283	6
30285	4
30288	3
30289	2
30290	2
30291	2
30293	1
30294	1
30295	1
30297	3
30298	1
30299	1
30300	4
30301	1
30302	6
30303	4
30304	4
30305	4
30306	4
30307	2
30308	3
30309	4
30310	4
30311	4
30312	1
30313	4
30314	4
30315	4
30316	4
30317	4
30318	1
30319	1
30320	1
30321	4
30323	4
30324	4
30326	3
30327	1
30328	4
30329	4
30330	1
30331	4
30332	1
30334	1
30335	4
30336	1
30337	4
30339	4
30340	4
30341	4
30342	1
30344	1
30346	1
30347	1
30348	1
30349	1
30350	1
30351	1
30352	1
30353	1
30354	3
30355	1
30356	1
30357	1
30358	3
30359	1
30360	1
30362	1
30363	1
30364	3
30365	3
30366	3
30367	3
30368	3
30369	3
30371	3
30375	1
30376	2
30403	3
30405	2
30407	4
30408	3
30409	2
30410	1
30412	4
30413	1
30415	1
30416	1
30418	1
30419	1
30420	1
30423	1
30424	1
30425	1
30426	1
30427	1
30428	5
30429	1
30430	3
30431	1
30433	2
30434	1
30435	1
30437	1
30438	1
30439	1
30440	1
30441	1
30442	1
30443	2
30444	1
30446	2
30451	1
30453	1
30460	3
30461	2
30462	2
30463	3
30464	1
30465	2
30466	1
30467	1
30468	2
30469	1
30481	2
30482	1
30484	1
30485	3
30486	3
30487	1
30488	1
30493	1
30494	1
30495	4
30496	4
30497	4
30498	1
30499	1
30500	1
30501	1
30503	4
30504	3
30505	4
30507	1
30512	2
30515	1
30516	1
30518	1
30519	1
30524	1
30525	1
30526	1
30527	1
30528	3
30529	3
30530	4
30531	3
30532	5
30534	1
30535	1
30536	1
30537	2
30538	2
30540	2
30541	4
30542	1
30543	3
30544	3
30547	3
30548	1
30549	2
30550	2
30551	2
30552	2
30554	2
30555	2
30556	1
30557	1
30559	3
30560	1
30562	1
30563	1
30565	1
30567	1
30568	1
30569	1
30570	1
30571	1
30572	1
30573	1
30574	1
30575	1
30576	1
30578	1
30579	1
30580	1
30581	1
30582	1
30583	1
30584	1
30585	1
30586	1
30587	1
30588	1
30589	1
30590	1
30591	1
30592	4
30593	4
30594	1
30595	5
30596	1
30597	1
30598	5
30599	1
30603	1
30604	1
30605	1
30606	1
30607	1
30609	1
30610	5
30612	1
30615	1
30624	1
30626	1
30627	2
30628	1
30629	2
30630	4
30631	3
30632	4
30633	1
30634	2
30635	2
30638	1
30639	4
30640	3
30642	1
30643	2
30644	2
30645	2
30646	2
30647	2
30648	1
30649	2
30650	2
30652	2
30653	3
30654	2
30657	7
30658	3
30660	2
30661	2
30666	1
30667	2
30668	1
30669	2
30670	2
30671	1
30672	5
30674	1
30676	4
30677	1
30680	1
30681	4
30682	1
30683	1
30684	1
30685	1
30686	4
30687	1
30689	5
30690	1
30691	3
30692	1
30693	1
30694	3
30695	1
30697	3
30698	3
30702	3
30703	1
30705	2
30706	3
30707	2
30708	2
30709	2
30710	2
30711	1
30712	1
30713	3
30714	1
30715	3
30716	1
30717	2
30718	2
30719	1
30720	2
30721	2
30722	2
30724	2
30726	1
30728	1
30729	1
30731	1
30737	2
30738	2
30739	3
30743	3
30744	2
30745	2
30748	2
30750	3
30751	2
30752	2
30755	1
30756	2
30757	2
30759	2
30760	2
30761	2
30762	2
30763	1
30764	3
30766	2
30767	2
30769	2
30770	3
30772	3
30774	3
30775	1
30776	6
30777	2
30778	3
30779	3
30780	2
30781	3
30782	3
30783	2
30785	3
30786	2
30787	3
30788	3
30789	3
30790	2
30791	2
30792	1
30794	1
30795	1
30796	1
30797	1
30799	2
30800	1
30801	1
33157	1
30835	2
30836	2
30837	1
30838	3
30840	3
30841	6
30842	3
30843	4
30844	4
30845	1
30846	5
30847	1
30848	6
30849	4
30850	2
30851	2
30852	2
30853	2
30854	2
30855	2
30856	5
30857	2
30858	2
30861	3
30862	1
30863	4
30864	2
30865	2
30866	1
30867	2
30868	1
30869	1
30870	2
30871	3
30872	3
30873	4
30874	3
30875	1
30876	2
30877	4
30879	2
30880	5
30881	2
30882	6
30883	1
30894	1
30896	1
30897	1
30901	2
30903	1
30904	4
30905	2
30908	3
30921	2
30922	1
30923	1
30929	2
30935	1
30937	2
30949	1
30953	2
30957	4
30958	4
30967	1
30969	1
30970	1
30977	1
30978	1
30979	1
30981	1
30982	1
30983	1
30984	1
30992	1
30993	1
30996	1
30997	1
30998	3
31000	2
31002	2
31003	1
31006	1
31007	1
31008	1
31010	1
31015	1
31017	1
31022	1
31023	4
31034	1
31038	1
31039	1
31043	1
31046	4
31047	7
31048	2
31052	1
31055	3
31056	3
31057	2
31059	4
31064	3
31067	2
31069	2
31071	5
31072	1
31073	4
31074	1
31075	2
31076	3
31077	2
31078	1
31079	4
31082	3
31084	2
31087	4
31089	2
31090	2
31091	1
31092	3
31093	2
31094	5
31095	1
31096	1
31101	4
31102	5
31103	2
31104	1
31108	5
31109	2
31110	1
31111	3
31112	2
31113	1
31115	1
31116	2
31117	1
31118	1
31119	2
31120	3
31121	1
31122	2
31123	1
31124	3
33159	1
31131	1
31132	2
31135	1
31137	3
31138	3
31141	5
31142	2
31143	3
31144	3
31145	3
31150	2
31153	1
31154	1
31155	3
31169	3
31170	2
31171	1
31172	1
31173	1
31177	1
31178	1
31179	1
31180	3
31181	3
31182	1
31183	3
31184	1
31185	2
31186	2
31187	3
31188	3
31189	5
31190	1
31191	1
31192	3
31193	1
31194	1
31195	5
31196	5
31197	1
31198	1
31199	1
31200	3
31201	1
31202	3
31206	4
31209	1
31210	1
31211	2
31212	1
31213	2
31214	2
31215	2
31217	1
31218	2
31220	1
31222	4
31223	3
31224	1
31227	2
31228	1
31234	3
31237	8
31238	5
31239	5
31240	3
31241	8
31244	1
31245	2
31246	1
31248	2
31250	1
31252	3
31253	1
31255	3
31258	3
31260	3
31261	1
31264	1
31265	2
31266	1
31267	2
31268	1
31270	1
31271	1
31272	1
31273	3
31275	5
31276	1
31278	2
31279	1
31280	7
31281	1
31284	1
31285	1
31286	1
31287	1
31288	1
31289	1
31290	1
31291	1
31292	1
31293	1
31294	1
31295	1
31296	1
31299	2
31306	1
31307	1
31326	2
31332	1
31361	1
31364	1
31370	2
31373	2
31386	1
31387	1
31392	3
31393	2
31394	2
31397	1
31398	2
31399	1
31400	3
31401	3
31402	1
31403	2
31414	1
31415	1
31418	3
31424	2
31425	1
31428	2
31429	1
31432	1
31433	2
31444	2
31447	1
31449	1
31450	1
31451	2
31452	2
31453	1
31455	1
31456	2
31459	1
31463	2
31466	1
31467	2
31483	3
31501	1
31559	4
31581	3
31602	1
31606	3
31609	1
31610	1
31620	1
31638	3
31661	3
31679	1
31698	1
31700	2
31723	1
31739	1
31743	1
31755	1
31767	1
31770	1
31776	3
31779	4
31783	4
31821	4
31848	3
31868	3
31877	1
31878	1
31884	3
31887	2
31890	1
31897	3
31901	2
32946	1
32019	2
32021	2
32048	1
32053	2
32077	1
32092	1
32157	1
32187	2
32253	2
32259	1
32461	1
32464	2
32465	4
32468	2
32469	1
5419	1
32516	4
33387	2
32641	3
32642	5
32643	1
32644	4
32645	4
32646	4
32647	2
32648	2
32649	1
32650	1
32651	1
32652	1
32653	1
32654	2
32655	1
32656	1
32657	1
32658	2
32659	1
32660	2
32661	2
32662	1
32663	1
32664	1
32665	1
32666	1
32667	1
32668	1
32669	1
32670	4
32671	2
32694	1
32700	1
32741	1
32742	3
32747	1
32748	4
32749	2
32767	1
